congress_1,bill_number_1,result_1,similarity,congress_2,bill_number_2,result_2
113,h4835,,0.863341613848492,114,h100,Passed
113,h1000,,0.8914109177608982,114,h1000,
113,h870,,0.6873241574285268,114,h1000,
113,h1569,,0.9551649856977229,114,h1001,
113,h243,Failed,0.5280785138542232,114,h1001,
113,h259,Agreed to,0.95770243975985,114,h1001,
113,h2994,,0.7461910882434122,114,h1002,
113,h3856,,0.5623555301771771,114,h1002,
113,h5239,,0.5199375727686313,114,h1002,
113,h5637,,0.614683960324427,114,h1002,
113,h5785,,0.6840983688101296,114,h1002,
113,h3154,,0.6063858860059502,114,h1003,
113,h4913,,0.9457573461361928,114,h1004,
113,h5,Passed,0.5233752074122059,114,h1004,
113,h521,Passed,0.8008036115618465,114,h1004,
113,h4648,,0.9715548851401091,114,h1005,
113,h5458,,0.9879698880423006,114,h1006,
113,h1413,,0.9656476793508845,114,h1007,
113,h4271,,0.9236451580885299,114,h1008,
113,h5424,,0.6463523317501043,114,h1008,
113,h3333,,0.8635166903335212,114,h1009,
113,h100,Passed,0.5444196107698177,114,h101,Passed
113,h101,Agreed to,0.9974620666425854,114,h101,Passed
113,h4917,,0.575621555674054,114,h101,Passed
113,h3364,,0.903316486361915,114,h1010,
113,h3595,,0.763817570804,114,h1011,
113,h1635,,0.5261869188105005,114,h1013,
113,h3483,,0.584751931214679,114,h1013,
113,h4498,,0.620183034163589,114,h1013,
113,h499,Passed,0.9969301045958967,114,h1013,
113,h501,Passed,0.6159845890403655,114,h1013,
113,h689,,0.6770017514257014,114,h1013,
113,h1635,,0.5251165971230752,114,h1014,
113,h3483,,0.5692210200521888,114,h1014,
113,h4498,,0.6046020634894806,114,h1014,
113,h499,Passed,0.6204670122569341,114,h1014,
113,h501,Passed,0.9972656424354742,114,h1014,
113,h689,,0.652577432558125,114,h1014,
113,h710,,0.5044577043695737,114,h1014,
113,h1622,,0.5878060350372628,114,h1015,
113,h2882,,0.5793343018541001,114,h1015,
113,h4281,,0.9147251607588915,114,h1015,
113,h4374,,0.9447475852912838,114,h1016,
113,h4370,,0.9727619864276793,114,h1017,
113,h1279,,0.5123110804892911,114,h1019,
113,h1812,,0.8748108256401859,114,h1019,
113,h4452,,0.9758376338775163,114,h102,Passed
113,h1089,,0.6472221190538904,114,h1020,
113,h1090,,0.5723968050118258,114,h1020,
113,h1343,,0.5722426008642393,114,h1020,
113,h1353,,0.6029743710943493,114,h1020,
113,h1358,,0.5247939011787935,114,h1020,
113,h2159,,0.5151077492761054,114,h1020,
113,h2334,,0.532665605863447,114,h1020,
113,h2426,,0.6122589842381244,114,h1020,
113,h2587,,0.5643938554139226,114,h1020,
113,h2592,,0.6106157375140413,114,h1020,
113,h3690,,0.5242176157140868,114,h1020,
113,h4159,,0.5821337065678096,114,h1020,
113,h4828,,0.637637185270324,114,h1020,
113,h4973,,0.5625471786381335,114,h1020,
113,h5031,,0.9725745676401472,114,h1020,
113,h2828,,0.5009328121425987,114,h1021,
113,h2960,,0.5771259931844792,114,h1021,
113,h3392,,0.5548518796117679,114,h1021,
113,h5780,,0.9922466284653606,114,h1021,
113,h1584,,0.5609855659738586,114,h1022,
113,h1106,,0.7703362134824207,114,h1023,
113,h3223,,0.6699416784702881,114,h1024,
113,h3235,,0.724803467867066,114,h1024,
113,h3290,,0.5988777862158929,114,h1024,
113,h3447,,0.6053281715898873,114,h1024,
113,h1510,,0.5720318238780635,114,h1025,
113,h2404,,0.501821643486517,114,h1025,
113,h3102,,0.547033322073169,114,h1025,
113,h5420,,0.6670623682930237,114,h1026,
113,h1486,,0.5246237550063956,114,h1027,
113,h3042,,0.5462857434620899,114,h1027,
113,h5271,,0.994449711510413,114,h1027,
113,h5307,,0.5404080478629176,114,h1027,
113,h5358,,0.5034130945857446,114,h1027,
113,h3822,,0.9935123635742131,114,h1028,
113,h5428,,0.9954160844789196,114,h1028,
113,h1422,,0.9795801884434812,114,h1029,
113,h3069,,0.9681595320279788,114,h103,Passed
113,h4012,,0.723896966617252,114,h1030,
113,h2263,,0.5432952671302262,114,h1031,
113,h2553,,0.5232915214243927,114,h1031,
113,h4271,,0.6964818843777263,114,h1031,
113,h4522,,0.5597776229340407,114,h1031,
113,h5424,,0.7492043542556719,114,h1031,
113,h3160,,0.7841016557730154,114,h1032,
113,h3224,,0.8184505816824178,114,h1032,
113,h3234,,0.5710388763721727,114,h1032,
113,h3236,,0.7768734713973531,114,h1032,
113,h5207,,0.9551588981606084,114,h1033,
113,h2099,,0.9008265525677964,114,h1034,
113,h3277,,0.5242125580024496,114,h1034,
113,h3718,,0.9844175954768013,114,h1035,
113,h2435,,0.9744490527289277,114,h1036,
113,h5095,,0.5509776431394384,114,h1037,
113,h5837,,0.9905631130300154,114,h1039,
113,h1121,,0.9961469044604901,114,h104,Failed
113,h3990,,0.5024037487966531,114,h104,Failed
113,h1,Passed,0.5607001235418415,114,h1040,
113,h1040,,0.9978944104604699,114,h1040,
113,h25,Passed,0.5064938790433272,114,h1040,
113,h766,,0.5575498327383906,114,h1040,
113,h1888,,0.9765125788814438,114,h1041,
113,h3122,,0.5018104561524027,114,h1042,
113,h4086,,0.9923385948544021,114,h1042,
113,h5168,,0.5203810549191001,114,h1042,
113,h5345,,0.9932287133250461,114,h1043,
113,h603,Failed,0.6072885687085628,114,h1045,
113,h3751,,0.7928802065087692,114,h1046,
113,h2790,,0.691999761736065,114,h1047,
113,h4270,,0.672178776829346,114,h1048,
113,h4270,,0.6087796077927969,114,h1049,
113,h1200,,0.5238281522842203,114,h105,Failed
113,h2165,,0.5128853380081339,114,h105,Failed
113,h2300,,0.6364043038258201,114,h105,Failed
113,h2688,,0.5038835273891876,114,h105,Failed
113,h2900,,0.5331101134476055,114,h105,Failed
113,h3121,,0.6067031766347419,114,h105,Failed
113,h3165,,0.5649842124811122,114,h105,Failed
113,h3622,,0.6025589622396491,114,h105,Failed
113,h4077,,0.9891924130104378,114,h105,Failed
113,h1215,,0.526373702184967,114,h1052,
113,h1230,,0.9849946065445777,114,h1052,
113,h3481,,0.6810303646223718,114,h1053,
113,h3990,,0.5783606459284114,114,h1053,
113,h4400,,0.5575234009678461,114,h1053,
113,h4711,,0.9986221145399429,114,h1053,
113,h1547,,0.7539766037385783,114,h1054,
113,h1798,,0.6371678983910465,114,h1055,
113,h3120,,0.9854694338711254,114,h1055,
113,h4395,,0.7692836884375064,114,h1055,
113,h5022,,0.549308660806343,114,h1055,
113,h963,,0.5573470238433789,114,h1055,
113,h1073,,0.9953884516409047,114,h1056,
113,h1663,,0.9730383052955887,114,h1057,
113,h2768,,0.8511554264716779,114,h1058,
113,h2531,,0.8928539850174898,114,h1059,
113,h2710,,0.9664852320646117,114,h106,Passed
113,h3964,,0.5250849499447924,114,h1060,
113,h4300,,0.9810325885153994,114,h1060,
113,h5412,,0.5543604258987984,114,h1060,
113,h5781,,0.5510069842888773,114,h1060,
113,h1414,,0.5485860456270395,114,h1061,
113,h4748,,0.8409144868614367,114,h1063,
113,h1924,,0.9292606673172973,114,h1064,
113,h4207,,0.6476468048413334,114,h1064,
113,h4373,,0.7403620163011702,114,h1064,
113,h4902,,0.7277928905545812,114,h1064,
113,h1226,,0.5188361032698664,114,h1068,
113,h409,Failed,0.5186293922930073,114,h1068,
113,h4546,,0.8897683268396427,114,h1068,
113,h5671,,0.665855349410619,114,h1068,
113,h1133,,0.9824224883522139,114,h1069,
113,h53,Failed,0.9201306678064687,114,h107,Passed
113,h378,Passed,0.9971165119671178,114,h1070,
113,h5,Passed,0.5692940821043777,114,h1070,
113,h2296,,0.50015717018209,114,h1071,
113,h379,Failed,0.9919501122665914,114,h1071,
113,h5,Passed,0.5642175962317895,114,h1071,
113,h1492,,0.5304876470288751,114,h1072,
113,h2470,,0.5172923533006795,114,h1072,
113,h2675,,0.6917413738076297,114,h1072,
113,h3132,,0.5157970177841041,114,h1072,
113,h3565,,0.5416575717768959,114,h1072,
113,h3874,,0.550799105483306,114,h1072,
113,h446,Passed,0.558309010903622,114,h1072,
113,h4566,,0.7311569495822804,114,h1072,
113,h4646,,0.6861909179088453,114,h1072,
113,h4786,,0.5584381018702471,114,h1072,
113,h4861,,0.5284733102662263,114,h1072,
113,h4894,,0.5695672060993472,114,h1072,
113,h5799,,0.9964844873376647,114,h1072,
113,h597,Failed,0.529846153943039,114,h1072,
113,h695,,0.6304286240210066,114,h1072,
113,h3934,,0.7746857938420358,114,h1074,
113,h5552,,0.956719235424866,114,h1075,
113,h21,Passed,0.6375493943936283,114,h1076,
113,h720,,0.9936225310406351,114,h1076,
113,h2497,,0.9800450739843579,114,h1077,
113,h2725,,0.8928355552139081,114,h1078,
113,h2317,,0.9892345719176079,114,h1079,
113,h4782,,0.510501072477181,114,h1079,
113,h151,Passed,0.9204208866852619,114,h108,Failed
113,h178,Passed,0.9160157191637676,114,h108,Failed
113,h423,Agreed to,0.9280189626664741,114,h108,Failed
113,h52,Agreed to,0.9869186099222572,114,h108,Failed
113,h2246,,0.7966661846359134,114,h1080,
113,h1089,,0.6424008119031527,114,h1081,
113,h1090,,0.5798516040255375,114,h1081,
113,h1243,,0.5255151224877052,114,h1081,
113,h1343,,0.5133391282531669,114,h1081,
113,h1353,,0.5651518234075242,114,h1081,
113,h2159,,0.5506409726056674,114,h1081,
113,h2334,,0.991451218284309,114,h1081,
113,h2426,,0.595094127247281,114,h1081,
113,h2587,,0.5049541365155615,114,h1081,
113,h2592,,0.6399692378135473,114,h1081,
113,h3690,,0.5291627477314661,114,h1081,
113,h4828,,0.6491733195245557,114,h1081,
113,h4973,,0.5354134837126007,114,h1081,
113,h5031,,0.5348607677238703,114,h1081,
113,h2367,,0.9972730723851957,114,h1082,
113,h4214,,0.7870654053060535,114,h1082,
113,h4908,,0.5670448590378809,114,h1082,
113,h5765,,0.5518762488822505,114,h1082,
113,h4676,,0.9575509128801951,114,h1083,
113,h5766,,0.7695744889238121,114,h1084,
113,h1099,,0.8473483832691601,114,h1085,
113,h3708,,0.9134958883971218,114,h1086,
113,h5312,,0.6102422777855091,114,h1086,
113,h5252,,0.6583991975993149,114,h1087,
113,h4163,,0.9681502808032663,114,h1088,
113,h1658,,0.9751488294947436,114,h1089,
113,h2374,,0.8844353688551363,114,h1090,
113,h2707,,0.9709160284265823,114,h1093,
113,h3172,,0.9147689642368345,114,h1095,
113,h1844,,0.546284789951989,114,h1098,
113,h2998,,0.9640348380289452,114,h1098,
113,h108,Failed,0.5034404653068423,114,h110,Failed
113,h284,Failed,0.9461993389130169,114,h110,Failed
113,h1620,,0.8150560249582678,114,h1100,
113,h3723,,0.9711777011440414,114,h1101,
113,h1777,,0.9980893921923001,114,h1103,
113,h2429,,0.965984883843613,114,h1105,
113,h4752,,0.5595571059906946,114,h1106,
113,h5383,,0.8916258795112554,114,h1108,
113,h247,Failed,0.563914550441106,114,h111,Failed
113,h3161,,0.9894290230299485,114,h111,Failed
113,h3296,,0.5115166842873946,114,h111,Failed
113,h807,,0.5564933899278144,114,h111,Failed
113,h531,Passed,0.5124038450685727,114,h1110,
113,h744,,0.9311132547245404,114,h1110,
113,h808,,0.9846883220080681,114,h1111,
113,h4851,,0.9969014154861375,114,h1112,
113,h927,,0.5191223691208529,114,h1113,
113,h4547,,0.6004343947569964,114,h1114,
113,h4749,,0.8835315963975753,114,h1114,
113,h3081,,0.607460597456296,114,h1115,
113,h3905,,0.940142138909363,114,h1115,
113,h2330,,0.9811396959203412,114,h1116,
113,h5304,,0.7348581042113473,114,h1116,
113,h1178,,0.8626263882096394,114,h1117,
113,h4282,,0.9700296032100405,114,h1117,
113,h5569,,0.9946899915244851,114,h1118,
113,h5056,,0.8943058969680151,114,h1119,
113,h4491,,0.7880738747828359,114,h112,Passed
113,h4764,,0.5950004146519439,114,h112,Passed
113,h4727,,0.965494117916816,114,h1120,
113,h5532,,0.6885296418648232,114,h1120,
113,h114,Passed,0.9458832597434583,114,h1121,
113,h1970,,0.6284200861615334,114,h1122,
113,h3026,,0.5644710808848825,114,h1122,
113,h3175,,0.5109150069844891,114,h1122,
113,h3216,,0.5160506787643481,114,h1122,
113,h3217,,0.6107914865640686,114,h1122,
113,h342,Passed,0.591400512501195,114,h1122,
113,h55,Passed,0.9877089727061505,114,h1122,
113,h2936,,0.9833034217668187,114,h1123,
113,h5407,,0.6226539152349666,114,h1124,
113,h5865,,0.6580182440160308,114,h1124,
113,h5281,,0.9893900742383205,114,h1125,
113,h1996,,0.9477056301121313,114,h1126,
113,h2748,,0.5254582574021052,114,h1126,
113,h2941,,0.8287841899706404,114,h1127,
113,h4356,,0.8887671966083679,114,h1128,
113,h5054,,0.9854458725848204,114,h1129,
113,h1062,,0.548044244270822,114,h113,Passed
113,h3928,,0.9988012141477907,114,h113,Passed
113,h5018,,0.7390272293111178,114,h113,Passed
113,h4814,,0.9955300619146399,114,h1130,
113,h1330,,0.7239502340982575,114,h1131,
113,h1716,,0.6312407557683773,114,h1131,
113,h1872,,0.5392554950301592,114,h1131,
113,h1946,,0.560261299341334,114,h1131,
113,h2881,,0.5648791730693964,114,h1131,
113,h3047,,0.6344362700998671,114,h1131,
113,h3892,,0.5580211732910915,114,h1131,
113,h4582,,0.9605863236077483,114,h1131,
113,h4622,,0.5958117468885341,114,h1131,
113,h4984,,0.5487735869929452,114,h1131,
113,h5109,,0.8909767480106381,114,h1132,
113,h5061,,0.6622745548361237,114,h1133,
113,h5861,,0.7943099825836192,114,h1135,
113,h1277,,0.9594460234152575,114,h1136,
113,h1187,,0.5763214503518631,114,h1138,
113,h145,Failed,0.9297575247429583,114,h1138,
113,h1683,,0.6252507986042714,114,h1138,
113,h1799,,0.5616794290435252,114,h1138,
113,h2491,,0.5147102001621682,114,h1138,
113,h2552,,0.6215740941816242,114,h1138,
113,h2808,,0.5706020734612971,114,h1138,
113,h433,Passed,0.6789382901837965,114,h1138,
113,h4685,,0.5445736698666032,114,h1138,
113,h5205,,0.6823986301251084,114,h1138,
113,h5311,,0.5617639781103049,114,h1138,
113,h5437,,0.5758072760859384,114,h1138,
113,h5691,,0.5466153889016281,114,h1138,
113,h696,,0.6757194383854873,114,h1138,
113,h876,,0.5467952219795691,114,h1138,
113,h104,Failed,0.997139480337096,114,h114,Passed
113,h252,Agreed to,0.9942427592471538,114,h114,Passed
113,h2846,,0.8559824659730192,114,h114,Passed
113,h3629,,0.7107185216826892,114,h114,Passed
113,h843,,0.9792174440192241,114,h1140,
113,h4717,,0.8442506525538429,114,h1142,
113,h2783,,0.7228913004891093,114,h1143,
113,h1950,,0.8815262618942634,114,h1144,
113,h2715,,0.9738450533379831,114,h1145,
113,h3238,,0.9931074480687027,114,h1146,
113,h1772,,0.9936172356608663,114,h1147,
113,h2124,,0.71611553913371,114,h1147,
113,h502,Passed,0.7360809801686771,114,h1147,
113,h1087,,0.652761534489346,114,h1148,
113,h1365,,0.604855981295172,114,h1148,
113,h15,Passed,0.7044724173167798,114,h1148,
113,h1525,,0.7110095264990738,114,h1148,
113,h1760,,0.518417322054911,114,h1148,
113,h1901,,0.7675815156584013,114,h1148,
113,h2124,,0.5413792234325381,114,h1148,
113,h2131,,0.6620546057232167,114,h1148,
113,h2264,,0.7160540348059318,114,h1148,
113,h2278,,0.985283394052543,114,h1148,
113,h3163,,0.6382735079909221,114,h1148,
113,h3431,,0.6468534288363709,114,h1148,
113,h4178,,0.5397531598168184,114,h1148,
113,h5137,,0.6942093776219773,114,h1148,
113,h5163,,0.5931990303737846,114,h1148,
113,h5316,,0.6563448213944161,114,h1148,
113,h629,Passed,0.5701413013833041,114,h1148,
113,h944,,0.601978682201609,114,h1148,
113,h2624,,0.6040214390099435,114,h1149,
113,h5053,,0.6441697039268529,114,h1149,
113,h5079,,0.5799631851544985,114,h1149,
113,h5129,,0.5034135102885955,114,h1149,
113,h5137,,0.5505251815209709,114,h1149,
113,h5143,,0.9735918540080171,114,h1149,
113,h5163,,0.5392146336869929,114,h1149,
113,h2589,,0.8707929773229618,114,h115,Passed
113,h4028,,0.5530712420525373,114,h1150,
113,h4653,,0.7294068385371918,114,h1150,
113,h5846,,0.9836279937310286,114,h1150,
113,h5878,,0.9106165678009684,114,h1150,
113,h2143,,0.9961705604653159,114,h1151,
113,h5418,,0.7073291856655806,114,h1152,
113,h1087,,0.6030611777546646,114,h1153,
113,h1365,,0.6873319448454182,114,h1153,
113,h15,Passed,0.6029791891682584,114,h1153,
113,h1525,,0.5995380718895651,114,h1153,
113,h1760,,0.5295824400870289,114,h1153,
113,h1901,,0.64882020789686,114,h1153,
113,h2131,,0.5832017729382477,114,h1153,
113,h2264,,0.5097600274882216,114,h1153,
113,h2278,,0.6689776666165723,114,h1153,
113,h3163,,0.5212048563523353,114,h1153,
113,h3431,,0.5231695508067212,114,h1153,
113,h5137,,0.8619971525856641,114,h1153,
113,h5143,,0.5267458206342626,114,h1153,
113,h5163,,0.766412633067928,114,h1153,
113,h5316,,0.5261505687531749,114,h1153,
113,h629,Passed,0.5290707677122108,114,h1153,
113,h944,,0.5890167289845951,114,h1153,
113,h492,Passed,0.845725827280665,114,h1154,
113,h1492,,0.5050565306862448,114,h1155,
113,h2675,,0.5347180864620551,114,h1155,
113,h3565,,0.5124542966508505,114,h1155,
113,h446,Passed,0.5384161589486433,114,h1155,
113,h4646,,0.5651381939154765,114,h1155,
113,h4874,,0.9844321357054202,114,h1155,
113,h4894,,0.5505165364085512,114,h1155,
113,h5029,,0.9309435061827138,114,h1156,
113,h3313,,0.9882697510985085,114,h1157,
113,h4869,,0.5384915189112364,114,h1158,
113,h5120,,0.9614904776430963,114,h1158,
113,h1923,,0.6965104971691986,114,h1159,
113,h5696,,0.9985076439547795,114,h1159,
113,h1622,,0.6313341967595645,114,h116,Passed
113,h168,Passed,0.9808736069220603,114,h116,Passed
113,h5534,,0.5640836188904138,114,h1160,
113,h5659,,0.9611380028695036,114,h1160,
113,h654,Passed,0.6130874406116618,114,h1160,
113,h2055,,0.6704757033337017,114,h1162,
113,h5790,,0.713141351232444,114,h1162,
113,h3009,,0.9933697750420492,114,h1163,
113,h2356,,0.9863260163178096,114,h1164,
113,h3010,,0.9694051239087578,114,h1165,
113,h3011,,0.9404579282163104,114,h1166,
113,h3012,,0.9978329835032937,114,h1167,
113,h3565,,0.5175278230995879,114,h1167,
113,h4413,,0.5645083827278262,114,h1167,
113,h446,Passed,0.5264750199427389,114,h1167,
113,h4646,,0.5409336178541856,114,h1167,
113,h4894,,0.5528324788046863,114,h1167,
113,h4534,,0.9285446417350698,114,h1168,
113,h1558,,0.5778647014297139,114,h117,Passed
113,h1908,,0.502061313274753,114,h117,Passed
113,h2165,,0.5551076861334943,114,h117,Passed
113,h2300,,0.5560759209982524,114,h117,Passed
113,h3121,,0.5247526821619167,114,h117,Passed
113,h3165,,0.5047617028791375,114,h117,Passed
113,h3376,,0.5260945497405132,114,h117,Passed
113,h3406,,0.509732897213767,114,h117,Passed
113,h3450,,0.5108202527113137,114,h117,Passed
113,h3522,,0.5114510342648482,114,h117,Passed
113,h3622,,0.5240236661541868,114,h117,Passed
113,h4865,,0.5433561332886888,114,h117,Passed
113,h741,,0.6078269889564805,114,h1170,
113,h921,,0.9501874347331113,114,h1170,
113,h1009,,0.979137768411123,114,h1171,
113,h1806,,0.9432569934874088,114,h1172,
113,h4083,,0.6900926464028984,114,h1172,
113,h1847,,0.7123204303581716,114,h1174,
113,h1852,,0.7133929489581414,114,h1174,
113,h1138,,0.5289322203599535,114,h1175,
113,h400,Failed,0.98453245747985,114,h1175,
113,h1756,,0.9567127091451304,114,h1177,
113,h4857,,0.8484268235429243,114,h1178,
113,h890,,0.7388177148719616,114,h1179,
113,h1065,,0.9819286123942829,114,h118,Passed
113,h3636,,0.5344258853848526,114,h118,Passed
113,h4013,,0.5787709757835118,114,h1181,
113,h4364,,0.8446979740396393,114,h1181,
113,h5654,,0.9173921452777843,114,h1181,
113,h5848,,0.5674923467023874,114,h1181,
113,h1957,,0.532620940374326,114,h1183,
113,h3106,,0.6107395040304628,114,h1183,
113,h4141,,0.5226063907637039,114,h1183,
113,h4712,,0.5575224291348261,114,h1183,
113,h4975,,0.9480730538968265,114,h1186,
113,h1862,,0.6134129735106333,114,h1188,
113,h2572,,0.6517511782822492,114,h1188,
113,h688,,0.9839873260980566,114,h1188,
113,h719,,0.522044394745424,114,h1188,
113,h1270,,0.8621639722303748,114,h119,Agreed to
113,h1872,,0.9952706360970085,114,h119,Agreed to
113,h3047,,0.5121905067158368,114,h119,Agreed to
113,h4582,,0.5564636013003825,114,h119,Agreed to
113,h351,Failed,0.5947006267224021,114,h1190,
113,h523,Agreed to,0.5608823045399641,114,h1190,
113,h2476,,0.5372429789908086,114,h1191,
113,h3685,,0.5734980886680986,114,h1191,
113,h3979,,0.8971582020504985,114,h1191,
113,h5811,,0.5089830137178127,114,h1191,
113,h1074,,0.956916378826797,114,h1192,
113,h1257,,0.7938115761537601,114,h1192,
113,h1274,,0.8347500725418249,114,h1192,
113,h1915,,0.5708051413214973,114,h1192,
113,h3322,,0.736710393143844,114,h1192,
113,h3591,,0.5720572945078741,114,h1192,
113,h962,,0.7631936068635197,114,h1192,
113,h2662,,0.9986308838834379,114,h1194,
113,h5,Passed,0.5057656036291873,114,h1194,
113,h4383,,0.7223176270975559,114,h1195,
113,h1342,,0.622098243065972,114,h1196,
113,h2194,,0.5767002344815367,114,h1196,
113,h3871,,0.523514268361069,114,h1196,
113,h4777,,0.9133342931833799,114,h1196,
113,h1293,,0.5073057965546625,114,h1197,
113,h1830,,0.9885495258156397,114,h1197,
113,h1984,,0.5844113484407056,114,h1197,
113,h3295,,0.5900783362879559,114,h1197,
113,h3404,,0.5109962606195337,114,h1197,
113,h3680,,0.6437299095590693,114,h1197,
113,h5145,,0.5128048639851917,114,h1197,
113,h80,Passed,0.7337566110687083,114,h1197,
113,h1431,,0.7753261012770792,114,h1198,
113,h2746,,0.9852302270965885,114,h1199,
113,h3065,,0.7873617869190727,114,h120,Failed
113,h1200,,0.99848451824302,114,h1200,
113,h2300,,0.5223955205815878,114,h1200,
113,h3622,,0.5026260952794269,114,h1200,
113,h4077,,0.5192648298738105,114,h1200,
113,h5294,,0.6068640205061931,114,h1200,
113,h676,,0.5669562762864335,114,h1200,
113,h1732,,0.5097748701912382,114,h1201,
113,h2283,,0.5255281794726118,114,h1201,
113,h2744,,0.5675496549630564,114,h1201,
113,h2805,,0.5596177191021675,114,h1201,
113,h3530,,0.5967260605678232,114,h1201,
113,h3610,,0.6137481319048922,114,h1201,
113,h5044,,0.5554439865011671,114,h1201,
113,h5081,,0.5946949748090932,114,h1201,
113,h5135,,0.5641157283721753,114,h1201,
113,h898,,0.6818906850456252,114,h1201,
113,h2867,,0.9520074753267292,114,h1202,
113,h2969,,0.9497560847478144,114,h1202,
113,h1829,,0.5184596569825067,114,h1203,
113,h524,Failed,0.7214849988925481,114,h1203,
113,h2321,,0.9975825434899224,114,h1204,
113,h2469,,0.8344659388175131,114,h1204,
113,h603,Failed,0.5108740800047883,114,h1204,
113,h3155,,0.5205201985242466,114,h1205,
113,h3277,,0.5627072895105729,114,h1205,
113,h5649,,0.5230761996433301,114,h1205,
113,h75,Failed,0.9955278228365199,114,h1205,
113,h249,Agreed to,0.6864229629936945,114,h1206,
113,h882,,0.6617851390946747,114,h1206,
113,h3063,,0.9934488939188844,114,h1207,
113,h4742,,0.6221357488016724,114,h1207,
113,h799,,0.5284283734307089,114,h1207,
113,h1004,,0.9687256994524394,114,h1208,
113,h1349,,0.8534421750006785,114,h1208,
113,h1785,,0.7033825514295968,114,h1208,
113,h2254,,0.8160639137870762,114,h1208,
113,h2360,,0.5258518414393619,114,h1208,
113,h3185,,0.8710777012006318,114,h1208,
113,h445,Failed,0.8618822556773732,114,h1208,
113,h5038,,0.9052150726183376,114,h1208,
113,h5371,,0.716526553054665,114,h1208,
113,h89,Failed,0.9149750302011993,114,h1208,
113,h2286,,0.697855153982588,114,h1209,
113,h4385,,0.9826461870420514,114,h1209,
113,h2394,,0.9836492120323299,114,h121,Passed
113,h2673,,0.5100117624301262,114,h1210,
113,h1100,,0.5588964930091046,114,h1211,
113,h2910,,0.7258699061261433,114,h1211,
113,h3536,,0.5847860765518224,114,h1211,
113,h3717,,0.6334621788212795,114,h1211,
113,h4574,,0.6993219236488997,114,h1211,
113,h4783,,0.6635654950683267,114,h1211,
113,h628,Failed,0.9814677323665653,114,h1211,
113,h4070,,0.5364757010360426,114,h1212,
113,h4590,,0.9787497263004389,114,h1215,
113,h137,Passed,0.5006534014695007,114,h1217,
113,h1565,,0.9971994771465346,114,h1217,
113,h1605,,0.9947723419411479,114,h1217,
113,h5541,,0.6838802880999244,114,h1218,
113,h956,,0.985047673259344,114,h1218,
113,h1010,,0.6682838634794365,114,h122,Failed
113,h1346,,0.6128786334147784,114,h122,Failed
113,h229,Passed,0.9810658342250872,114,h122,Failed
113,h3746,,0.722994774792699,114,h122,Failed
113,h4839,,0.9697175320814663,114,h122,Failed
113,h831,,0.55508451522228,114,h122,Failed
113,h1070,,0.9748138957880954,114,h1220,
113,h1320,,0.807098505054528,114,h1220,
113,h1761,,0.956905368416986,114,h1221,
113,h1832,,0.9351085720537372,114,h1222,
113,h3754,,0.9763773951922197,114,h1224,
113,h1379,,0.9009233036911493,114,h1225,
113,h3056,,0.5423360899166889,114,h1227,
113,h3493,,0.5841860839686436,114,h1227,
113,h3516,,0.5392396923311389,114,h1227,
113,h4759,,0.5260120555602324,114,h1227,
113,h1083,,0.6324842549815121,114,h1229,
113,h1262,,0.9945331407945465,114,h1229,
113,h2868,,0.9815944874021089,114,h1229,
113,h5876,,0.5907688186555061,114,h1229,
113,h637,Passed,0.7614477146782485,114,h1229,
113,h2816,,0.8662217932569743,114,h123,Failed
113,h2608,,0.9827079518805206,114,h1231,
113,h5478,,0.889511329817817,114,h1232,
113,h1750,,0.6072585021466193,114,h1233,
113,h4042,,0.7637000795875765,114,h1233,
113,h4521,,0.5113231502703756,114,h1233,
113,h132,Passed,0.6146244088094686,114,h1234,
113,h45,Failed,0.5621242149444515,114,h1234,
113,h3259,,0.6743864603492745,114,h1235,
113,h3260,,0.7013052303625005,114,h1235,
113,h3261,,0.7017402901135787,114,h1235,
113,h3262,,0.6688130883044842,114,h1235,
113,h3263,,0.6652720792843241,114,h1235,
113,h3264,,0.6703996471320035,114,h1235,
113,h3265,,0.6950545583163712,114,h1235,
113,h3266,,0.6820981943902279,114,h1235,
113,h3267,,0.6649119961261798,114,h1235,
113,h3268,,0.6645853874365242,114,h1235,
113,h3269,,0.6609304059901527,114,h1235,
113,h3270,,0.662086907305115,114,h1235,
113,h3259,,0.6811365974169878,114,h1236,
113,h3260,,0.7184488888306441,114,h1236,
113,h3261,,0.7120542787592603,114,h1236,
113,h3262,,0.678643121859689,114,h1236,
113,h3263,,0.6750500680483964,114,h1236,
113,h3264,,0.6802529994989728,114,h1236,
113,h3265,,0.7052702818876142,114,h1236,
113,h3266,,0.6921234888350459,114,h1236,
113,h3267,,0.6746846924855593,114,h1236,
113,h3268,,0.6743532833898785,114,h1236,
113,h3269,,0.6706445820165353,114,h1236,
113,h3270,,0.6718180812744677,114,h1236,
113,h3259,,0.6706890727245607,114,h1237,
113,h3260,,0.7006978442969536,114,h1237,
113,h3261,,0.706480942476694,114,h1237,
113,h3262,,0.6682338430162643,114,h1237,
113,h3263,,0.6646959007913364,114,h1237,
113,h3264,,0.6698190277577475,114,h1237,
113,h3265,,0.6944525858295868,114,h1237,
113,h3266,,0.6815074431443072,114,h1237,
113,h3267,,0.6643361294938246,114,h1237,
113,h3268,,0.6640098036732514,114,h1237,
113,h3269,,0.6603579877312912,114,h1237,
113,h3270,,0.661513487424202,114,h1237,
113,h3259,,0.6681336244313392,114,h1238,
113,h3260,,0.6980280570839331,114,h1238,
113,h3261,,0.6984610838169629,114,h1238,
113,h3262,,0.6770523295660981,114,h1238,
113,h3263,,0.6621632875816291,114,h1238,
113,h3264,,0.6672668944953143,114,h1238,
113,h3265,,0.6918065941959788,114,h1238,
113,h3266,,0.6789107748769593,114,h1238,
113,h3267,,0.6618048870787009,114,h1238,
113,h3268,,0.6614798046193141,114,h1238,
113,h3269,,0.6578419027654099,114,h1238,
113,h3270,,0.6589929997927069,114,h1238,
113,h3259,,0.6625215632462907,114,h1239,
113,h3260,,0.6921648943542178,114,h1239,
113,h3261,,0.6925942838320165,114,h1239,
113,h3262,,0.6600962328053738,114,h1239,
113,h3263,,0.6811197603759014,114,h1239,
113,h3264,,0.6616621135028113,114,h1239,
113,h3265,,0.6859956893217447,114,h1239,
113,h3266,,0.6732081898423551,114,h1239,
113,h3267,,0.6562459848126897,114,h1239,
113,h3268,,0.6559236329188448,114,h1239,
113,h3269,,0.6523162880179851,114,h1239,
113,h3270,,0.6534577162803662,114,h1239,
113,h124,Passed,0.9973672693532608,114,h124,Failed
113,h3259,,0.6514349950944017,114,h1240,
113,h3260,,0.6805822777281224,114,h1240,
113,h3261,,0.6810044818462689,114,h1240,
113,h3262,,0.6490502498852957,114,h1240,
113,h3263,,0.6456138745667332,114,h1240,
113,h3264,,0.6560293963141388,114,h1240,
113,h3265,,0.6745163075423771,114,h1240,
113,h3266,,0.6619427927728221,114,h1240,
113,h3267,,0.6452644315491549,114,h1240,
113,h3268,,0.6449474738589681,114,h1240,
113,h3269,,0.6414004938991298,114,h1240,
113,h3270,,0.6425228216175838,114,h1240,
113,h3259,,0.6728056883680223,114,h1241,
113,h3260,,0.7029091640856509,114,h1241,
113,h3261,,0.7033452188485673,114,h1241,
113,h3262,,0.6703427102442228,114,h1241,
113,h3263,,0.6667936026907343,114,h1241,
113,h3264,,0.6719328976418668,114,h1241,
113,h3265,,0.7241186062501258,114,h1241,
113,h3266,,0.6836582002893953,114,h1241,
113,h3267,,0.6664326959974224,114,h1241,
113,h3268,,0.6661053403310312,114,h1241,
113,h3269,,0.6624419996884845,114,h1241,
113,h3270,,0.6636011460022,114,h1241,
113,h3259,,0.6619159532346094,114,h1242,
113,h3260,,0.6915321874160445,114,h1242,
113,h3261,,0.6919611843895369,114,h1242,
113,h3262,,0.6594928397847732,114,h1242,
113,h3263,,0.6560011765155496,114,h1242,
113,h3264,,0.661057289112909,114,h1242,
113,h3265,,0.6853686216450522,114,h1242,
113,h3266,,0.7023992184558744,114,h1242,
113,h3267,,0.6556461112982626,114,h1242,
113,h3268,,0.655324054065822,114,h1242,
113,h3269,,0.6517200066337675,114,h1242,
113,h3270,,0.6528603915182093,114,h1242,
113,h3259,,0.6627910945018488,114,h1243,
113,h3260,,0.6924464852991438,114,h1243,
113,h3261,,0.6928760494639136,114,h1243,
113,h3262,,0.6603647773725051,114,h1243,
113,h3263,,0.6568684976582427,114,h1243,
113,h3264,,0.6619312951115331,114,h1243,
113,h3265,,0.6862747704712612,114,h1243,
113,h3266,,0.6734820686996272,114,h1243,
113,h3267,,0.6813324939806519,114,h1243,
113,h3268,,0.6561904799622293,114,h1243,
113,h3269,,0.6525816674982678,114,h1243,
113,h3270,,0.6537235601237877,114,h1243,
113,h3259,,0.6625215632462907,114,h1244,
113,h3260,,0.6921648943542178,114,h1244,
113,h3261,,0.6925942838320165,114,h1244,
113,h3262,,0.6600962328053738,114,h1244,
113,h3263,,0.6566013748915385,114,h1244,
113,h3264,,0.6616621135028113,114,h1244,
113,h3265,,0.6859956893217447,114,h1244,
113,h3266,,0.6732081898423551,114,h1244,
113,h3267,,0.6562459848126897,114,h1244,
113,h3268,,0.6816418665672594,114,h1244,
113,h3269,,0.6523162880179851,114,h1244,
113,h3270,,0.6534577162803662,114,h1244,
113,h3259,,0.6592021720382257,114,h1245,
113,h3260,,0.6886969829799935,114,h1245,
113,h3261,,0.6891242211139923,114,h1245,
113,h3262,,0.6567889930818624,114,h1245,
113,h3263,,0.6533116452405684,114,h1245,
113,h3264,,0.6583470283431536,114,h1245,
113,h3265,,0.6825586871376231,114,h1245,
113,h3266,,0.6698352560836248,114,h1245,
113,h3267,,0.6529580357508635,114,h1245,
113,h3268,,0.6526372989169679,114,h1245,
113,h3269,,0.6851084314797745,114,h1245,
113,h3270,,0.6501837371095827,114,h1245,
113,h3259,,0.638754875200295,114,h1246,
113,h3260,,0.6673348087643982,114,h1246,
113,h3261,,0.667748794719753,114,h1246,
113,h3262,,0.6364165488286723,114,h1246,
113,h3263,,0.6330470622271248,114,h1246,
113,h3264,,0.6379262565649297,114,h1246,
113,h3265,,0.6613869121083351,114,h1246,
113,h3266,,0.6490581396015828,114,h1246,
113,h3267,,0.6327044210844726,114,h1246,
113,h3268,,0.63239363294542,114,h1246,
113,h3269,,0.628915694611364,114,h1246,
113,h3270,,0.6661560258820132,114,h1246,
113,h2815,,0.9810781340084662,114,h125,Passed
113,h2526,,0.9394291763949904,114,h1251,
113,h2369,,0.975777425515225,114,h1252,
113,h3382,,0.554294323783189,114,h1252,
113,h2371,,0.8746380781171075,114,h1253,
113,h2895,,0.5863882607840853,114,h1253,
113,h2405,,0.805961806242415,114,h1254,
113,h2372,,0.9516406888742132,114,h1255,
113,h5474,,0.9856025473890573,114,h1256,
113,h2772,,0.9714336533439535,114,h1257,
113,h11,Passed,0.6593254447859167,114,h1258,
113,h1229,,0.6055417129806319,114,h1258,
113,h393,Agreed to,0.5998099477416986,114,h1258,
113,h5267,,0.9876587776248442,114,h1258,
113,h757,,0.5100918259976855,114,h1258,
113,h812,,0.5929867483071776,114,h1258,
113,h2672,,0.8813971776003409,114,h1259,
113,h5786,,0.5154564772142292,114,h1259,
113,h653,Passed,0.9785250876879814,114,h126,Passed
113,h1,Passed,0.5154268610895034,114,h1260,
113,h1738,,0.9697898834640565,114,h1260,
113,h2253,,0.744677497527455,114,h1260,
113,h3393,,0.8082583918995598,114,h1260,
113,h3428,,0.5108471644928371,114,h1260,
113,h3437,,0.8955657863476776,114,h1260,
113,h3476,,0.9084219171464826,114,h1260,
113,h3192,,0.8197681094268265,114,h1261,
113,h3519,,0.6657722263846372,114,h1261,
113,h450,Failed,0.8678678703551737,114,h1261,
113,h2571,,0.96428760744355,114,h1262,
113,h3193,,0.5589093972381616,114,h1263,
113,h2385,,0.8449024202755644,114,h1264,
113,h3194,,0.5732036687411153,114,h1264,
113,h46,Failed,0.5176609988022831,114,h1264,
113,h4262,,0.7200632132330129,114,h1265,
113,h2402,,0.8929601365449054,114,h1266,
113,h2446,,0.907191528842479,114,h1266,
113,h3193,,0.9439457434015068,114,h1266,
113,h1026,,0.9735529468247719,114,h1267,
113,h2126,,0.5567800749340209,114,h1268,
113,h540,Passed,0.7370176124274982,114,h1268,
113,h180,Passed,0.969706818649839,114,h1269,
113,h5361,,0.5039476122389077,114,h1269,
113,h2362,,0.8114770206337187,114,h127,Passed
113,h2835,,0.814867628485672,114,h1270,
113,h3954,,0.9437403185030173,114,h1271,
113,h15,Passed,0.5415409398136506,114,h1272,
113,h2131,,0.6631994740739134,114,h1272,
113,h2484,,0.9859595730204123,114,h1272,
113,h4951,,0.9944988110747733,114,h1272,
113,h1616,,0.8371903065514672,114,h1273,
113,h2598,,0.5020331545174808,114,h1273,
113,h5027,,0.996958836614693,114,h1273,
113,h2023,,0.9977493976407751,114,h1275,
113,h4461,,0.592750325652533,114,h1275,
113,h1382,,0.5352814650756347,114,h1276,
113,h764,,0.9941444349572972,114,h1276,
113,h1012,,0.5552176930072988,114,h1277,
113,h4113,,0.510392525856016,114,h1278,
113,h4237,,0.5053614038972467,114,h1278,
113,h4239,,0.5615530488981676,114,h1278,
113,h5150,,0.6776142981171689,114,h1278,
113,h5363,,0.6322444042743318,114,h1278,
113,h5534,,0.5116930146872483,114,h1278,
113,h765,,0.9949200723568719,114,h1278,
113,h5567,,0.9810825462068464,114,h1279,
113,h170,Passed,0.9636898904160706,114,h128,Passed
113,h4758,,0.9693798266554526,114,h1280,
113,h4440,,0.9314136389697933,114,h1282,
113,h4079,,0.9496251307609128,114,h1283,
113,h2692,,0.8823774814069134,114,h1284,
113,h5577,,0.8320843891576613,114,h1285,
113,h1595,,0.5236287925392955,114,h1286,
113,h2523,,0.5213076405222365,114,h1286,
113,h4950,,0.6374458631860089,114,h1286,
113,h769,,0.7352970868101156,114,h1286,
113,h4612,,0.9928259924348876,114,h1287,
113,h1288,,0.9857258528784859,114,h1288,
113,h5699,,0.9078636543571682,114,h1289,
113,h3083,,0.9121380332088569,114,h129,Passed
113,h5868,,0.9745981610178814,114,h1290,
113,h1131,,0.6421036549361854,114,h1292,
113,h3996,,0.6259090693665185,114,h1292,
113,h386,Failed,0.5001524798286753,114,h1293,
113,h1134,,0.5593096740015217,114,h1294,
113,h3858,,0.5118584779063979,114,h1294,
113,h4841,,0.5740077451982029,114,h1294,
113,h552,Failed,0.9682094133331083,114,h1294,
113,h3520,,0.7109857954476775,114,h1295,
113,h4265,,0.7747237377918121,114,h1296,
113,h1499,,0.7684469638283743,114,h1297,
113,h554,Passed,0.8293686201977468,114,h1297,
113,h5285,,0.9899758087919838,114,h1299,
113,h1722,,0.5337431583047755,114,h130,Passed
113,h3162,,0.901412460779945,114,h130,Passed
113,h5620,,0.9625402106895888,114,h1300,
113,h4969,,0.9724802318184235,114,h1301,
113,h5349,,0.8245582606326247,114,h1302,
113,h198,Passed,0.8242689660146207,114,h1303,
113,h3852,,0.7934956159765036,114,h1304,
113,h199,Passed,0.9146394668959518,114,h1305,
113,h5678,,0.9340060685263327,114,h1306,
113,h889,,0.9937680827165998,114,h1307,
113,h3040,,0.6379996280079474,114,h1308,
113,h3825,,0.7223087749998721,114,h1308,
113,h5101,,0.8136426753551039,114,h1308,
113,h5624,,0.9927387652565376,114,h1308,
113,h974,,0.8437468775198537,114,h1308,
113,h3036,,0.97756273030514,114,h1309,
113,h4060,,0.9888914619982544,114,h1309,
113,h4532,,0.9442247800303574,114,h1309,
113,h1290,,0.9719506579312618,114,h131,Passed
113,h11,Passed,0.5982730041839331,114,h1310,
113,h1229,,0.5145845840560717,114,h1310,
113,h5269,,0.7027593230246537,114,h1310,
113,h5277,,0.5752721379033686,114,h1310,
113,h5354,,0.8832674189228997,114,h1310,
113,h561,Passed,0.5349631491710478,114,h1310,
113,h812,,0.699330941807226,114,h1310,
113,h4708,,0.9880081482531197,114,h1311,
113,h920,,0.9707072876601346,114,h1312,
113,h3098,,0.881910451868394,114,h1313,
113,h5419,,0.8435998771034311,114,h1314,
113,h668,,0.7681883468039296,114,h1315,
113,h34,Passed,0.6005670806388301,114,h1316,
113,h3689,,0.5471399592156377,114,h1316,
113,h449,Passed,0.9897347037847793,114,h1316,
113,h4413,,0.5083872634129315,114,h1317,
113,h5471,,0.9635955084930515,114,h1317,
113,h677,,0.7281047901807668,114,h1317,
113,h742,,0.5657652894278954,114,h1317,
113,h2296,,0.9925500787443273,114,h1318,
113,h2378,,0.7726856087465745,114,h1318,
113,h5,Passed,0.5768059324499992,114,h1318,
113,h4810,,0.5522166829117183,114,h1319,
113,h4971,,0.9520986354567279,114,h1319,
113,h5131,,0.5349095940682795,114,h1319,
113,h1005,,0.5389727310208688,114,h132,Passed
113,h132,Passed,0.9313134437728374,114,h132,Passed
113,h45,Failed,0.7140167677048823,114,h132,Passed
113,h4957,,0.9775522479206608,114,h1320,
113,h4895,,0.9195629816712021,114,h1321,
113,h1995,,0.6420790187470831,114,h1322,
113,h2121,,0.7786698761229774,114,h1322,
113,h2260,,0.502044936211123,114,h1322,
113,h5634,,0.965437808845416,114,h1322,
113,h4028,,0.5699179052185023,114,h1323,
113,h4653,,0.7407022199251176,114,h1323,
113,h5846,,0.9024436138586887,114,h1323,
113,h5878,,0.9979369655150118,114,h1323,
113,h4846,,0.9501060082986957,114,h1324,
113,h5089,,0.8599617571626202,114,h1326,
113,h4947,,0.9625324999805657,114,h1327,
113,h5505,,0.5537885234789921,114,h1327,
113,h5665,,0.681232041371347,114,h1327,
113,h1011,,0.5398124006767064,114,h1330,
113,h1165,,0.6847421116440244,114,h1330,
113,h1782,,0.707894598552197,114,h1330,
113,h1881,,0.5350874371150764,114,h1330,
113,h2,Passed,0.6756302695581548,114,h1330,
113,h2231,,0.9739765445960152,114,h1330,
113,h2265,,0.7071417096055704,114,h1330,
113,h2486,,0.6920622429693878,114,h1330,
113,h2784,,0.9983531780616458,114,h1330,
113,h3780,,0.5688064858619156,114,h1330,
113,h3895,,0.5107891133801804,114,h1330,
113,h4304,,0.5399785083615203,114,h1330,
113,h4899,,0.8740270465509145,114,h1330,
113,h601,Failed,0.5273954792101414,114,h1330,
113,h70,Failed,0.5122317125264894,114,h1330,
113,h771,,0.5642179794324473,114,h1330,
113,h787,,0.7393781944482941,114,h1330,
113,h1980,,0.5508802157288706,114,h1331,
113,h4191,,0.9711232288616559,114,h1331,
113,h2778,,0.7447435303288986,114,h1333,
113,h556,Passed,0.510632118089445,114,h1333,
113,h3329,,0.5988185402392523,114,h1334,
113,h801,,0.9370324958534053,114,h1334,
113,h4446,,0.7443386811752126,114,h1338,
113,h4632,,0.8352207944291589,114,h1339,
113,h553,Passed,0.9818211178023086,114,h134,Passed
113,h3986,,0.9359240001404139,114,h1341,
113,h2504,,0.9958534815728978,114,h1342,
113,h2986,,0.6614499201070133,114,h1342,
113,h4663,,0.7396457814541906,114,h1342,
113,h5723,,0.6470095825989999,114,h1342,
113,h3687,,0.9356373952463104,114,h135,Passed
113,h5468,,0.9440084272688405,114,h136,Passed
113,h2438,,0.6138847858850064,114,h137,Passed
113,h3319,,0.6280828023210273,114,h138,Failed
113,h3791,,0.5302037214880982,114,h138,Failed
113,h779,,0.9823952251655863,114,h138,Failed
113,h5413,,0.9592664177212639,114,h139,Failed
113,h140,Failed,0.943326962237396,114,h140,Failed
113,h1035,,0.5255343960541652,114,h141,Passed
113,h1194,,0.617076319398252,114,h141,Passed
113,h1267,,0.6709507221119452,114,h141,Passed
113,h1268,,0.5707196586066434,114,h141,Passed
113,h1485,,0.5885652153007265,114,h141,Passed
113,h2199,,0.6016213570669735,114,h141,Passed
113,h3013,,0.5495598047452952,114,h141,Passed
113,h3156,,0.6388718133554095,114,h141,Passed
113,h3312,,0.660890922340541,114,h141,Passed
113,h3370,,0.7120592309225025,114,h141,Passed
113,h3380,,0.6229892261651974,114,h141,Passed
113,h3511,,0.5306742660273402,114,h141,Passed
113,h3693,,0.5659877217654982,114,h141,Passed
113,h3924,,0.5801229009127019,114,h141,Passed
113,h4071,,0.5578339277920997,114,h141,Passed
113,h4313,,0.9681226208716075,114,h141,Passed
113,h4352,,0.6082333619949561,114,h141,Passed
113,h960,,0.5080263231949711,114,h141,Passed
113,h5493,,0.9701437417550831,114,h142,Passed
113,h105,Failed,0.6602853785967466,114,h143,Passed
113,h5725,,0.6702503291120759,114,h143,Passed
113,h434,Passed,0.5732324649631465,114,h144,Passed
113,h4512,,0.9908319970312907,114,h144,Passed
113,h3127,,0.5132359418883827,114,h145,Failed
113,h5284,,0.9155952484713894,114,h145,Failed
113,h1938,,0.9289457551716127,114,h146,Failed
113,h1359,,0.92949832167403,114,h147,Passed
113,h343,Failed,0.9940212006930015,114,h148,Passed
113,h186,Failed,0.9810343648577856,114,h149,Passed
113,h20,Passed,0.6384979013039409,114,h149,Passed
113,h268,Failed,0.5755187057146666,114,h149,Passed
113,h269,Passed,0.6003743187156511,114,h149,Passed
113,h270,Failed,0.6501308877589597,114,h149,Passed
113,h3356,,0.5092275711315086,114,h149,Passed
113,h5641,,0.6262756163005302,114,h149,Passed
113,h3356,,0.7622410253497706,114,h150,Passed
113,h3466,,0.9136161941329263,114,h150,Passed
113,h464,Passed,0.5066650922208127,114,h150,Passed
113,h1810,,0.6066401295468855,114,h151,Passed
113,h187,Passed,0.9711530154414957,114,h151,Passed
113,h2057,,0.6473688196192567,114,h151,Passed
113,h2294,,0.5922160502443509,114,h151,Passed
113,h277,Failed,0.5697047564081655,114,h151,Passed
113,h3226,,0.6400116276372187,114,h151,Passed
113,h3572,,0.7594725248170149,114,h151,Passed
113,h4222,,0.7719112660937635,114,h151,Passed
113,h4686,,0.5931034052523757,114,h151,Passed
113,h5139,,0.71796159582078,114,h151,Passed
113,h945,,0.5258837948452506,114,h151,Passed
113,h126,Passed,0.987664798676087,114,h152,Passed
113,h127,Failed,0.9500127591679719,114,h153,Passed
113,h5887,,0.821056358713027,114,h154,Passed
113,h4349,,0.969470957716993,114,h156,Passed
113,h5814,,0.5236290698854651,114,h156,Passed
113,h2438,,0.7247312148696772,114,h157,Passed
113,h881,,0.9839559326597332,114,h157,Passed
113,h5470,,0.9707823801038493,114,h158,Passed
113,h1732,,0.5905025442349803,114,h159,Failed
113,h2283,,0.5626531793982009,114,h159,Failed
113,h2744,,0.6327413035200425,114,h159,Failed
113,h3530,,0.546931251416365,114,h159,Failed
113,h3610,,0.9444748853525026,114,h159,Failed
113,h5044,,0.5837639242354359,114,h159,Failed
113,h5076,,0.557320059519242,114,h159,Failed
113,h5081,,0.6691961689482929,114,h159,Failed
113,h5135,,0.6191335611966734,114,h159,Failed
113,h898,,0.6993636622488373,114,h159,Failed
113,h523,Agreed to,0.7226467349155433,114,h160,Failed
113,h1900,,0.9454972642743011,114,h161,Failed
113,h245,Agreed to,0.9240147460889909,114,h162,Failed
113,h246,Agreed to,0.9623076281350958,114,h163,Failed
113,h149,Passed,0.603108336872588,114,h164,Passed
113,h1970,,0.5442645335052186,114,h164,Passed
113,h247,Failed,0.9593055229700693,114,h164,Passed
113,h3148,,0.5332628860957945,114,h164,Passed
113,h3161,,0.5599629531619238,114,h164,Passed
113,h3296,,0.5355666618128354,114,h164,Passed
113,h807,,0.6987126830799347,114,h164,Passed
113,h1231,,0.8874800166414838,114,h165,Failed
113,h144,Passed,0.9981515486730664,114,h166,Passed
113,h3632,,0.5306831060209709,114,h166,Passed
113,h3992,,0.9716520510025417,114,h167,Failed
113,h3457,,0.8720847872948818,114,h168,Passed
113,h3991,,0.8110742368113485,114,h169,Passed
113,h3769,,0.9852159225111502,114,h170,Passed
113,h4067,,0.5145154493096106,114,h170,Passed
113,h1135,,0.5884488951949027,114,h171,Failed
113,h46,Failed,0.8428485283102861,114,h171,Failed
113,h185,Failed,0.6398916737770319,114,h172,Failed
113,h579,Passed,0.9149433890858474,114,h172,Failed
113,h147,Passed,0.7138274718870862,114,h173,Failed
113,h177,Passed,0.7495303929750686,114,h173,Failed
113,h483,Passed,0.7245084283610769,114,h173,Failed
113,h1082,,0.5481271248792828,114,h174,Failed
113,h325,Failed,0.7892934731211252,114,h174,Failed
113,h372,Agreed to,0.5602961850408964,114,h174,Failed
113,h3887,,0.7486287658720677,114,h174,Failed
113,h397,Agreed to,0.5281489785025152,114,h174,Failed
113,h4043,,0.6854631636246902,114,h174,Failed
113,h522,Passed,0.6751389878206734,114,h174,Failed
113,h2664,,0.5178632435817089,114,h175,Failed
113,h4921,,0.9162783595317343,114,h175,Failed
113,h4100,,0.882044384675267,114,h176,Failed
113,h5483,,0.9010278651316472,114,h177,Passed
113,h3146,,0.5183347863784088,114,h178,Passed
113,h5406,,0.8104515596129118,114,h178,Passed
113,h5408,,0.9801571199664628,114,h178,Passed
113,h5695,,0.8165874331709562,114,h178,Passed
113,h1181,,0.5163565811456938,114,h179,Passed
113,h1467,,0.6001163686415322,114,h179,Passed
113,h150,Passed,0.8936456026595792,114,h179,Passed
113,h398,Failed,0.5068651889071085,114,h179,Passed
113,h151,Passed,0.9903053069389774,114,h180,Passed
113,h178,Passed,0.9695389270958017,114,h180,Passed
113,h423,Agreed to,0.941753107677225,114,h180,Passed
113,h52,Agreed to,0.9234992289616946,114,h180,Passed
113,h1732,,0.7076159010727152,114,h181,Passed
113,h2283,,0.5594723240562351,114,h181,Passed
113,h2744,,0.7230757513603375,114,h181,Passed
113,h3530,,0.973623960892972,114,h181,Passed
113,h3610,,0.5826211979362637,114,h181,Passed
113,h4636,,0.6212274267936009,114,h181,Passed
113,h5044,,0.6023782301765319,114,h181,Passed
113,h5076,,0.5040054847815945,114,h181,Passed
113,h5081,,0.703685122288959,114,h181,Passed
113,h5116,,0.5201048644804221,114,h181,Passed
113,h5135,,0.6508908511888679,114,h181,Passed
113,h5411,,0.5083561657419717,114,h181,Passed
113,h898,,0.7700586495401011,114,h181,Passed
113,h906,,0.5307234701322846,114,h181,Passed
113,h331,Agreed to,0.9151823398645966,114,h182,Passed
113,h1492,,0.5364388248836068,114,h183,Passed
113,h2675,,0.5493283702365128,114,h183,Passed
113,h3565,,0.5564524327045237,114,h183,Passed
113,h3874,,0.993877422442259,114,h183,Passed
113,h446,Passed,0.5625713367915316,114,h183,Passed
113,h4566,,0.55501753889677,114,h183,Passed
113,h4646,,0.5513050850193978,114,h183,Passed
113,h4894,,0.5810443749556627,114,h183,Passed
113,h5799,,0.5453589860471069,114,h183,Passed
113,h597,Failed,0.5324852031202673,114,h183,Passed
113,h614,Passed,0.5017783436092537,114,h183,Passed
113,h1803,,0.990733540540591,114,h184,Passed
113,h2122,,0.9910540020023647,114,h185,Failed
113,h2804,,0.8458032467881805,114,h185,Failed
113,h309,Passed,0.5886906009246198,114,h185,Failed
113,h3341,,0.545151872610151,114,h185,Failed
113,h147,Passed,0.6515458292829898,114,h186,Failed
113,h177,Passed,0.8133788070767592,114,h186,Failed
113,h483,Passed,0.8874551744837332,114,h186,Failed
113,h310,Failed,0.9230577499594509,114,h187,Passed
113,h1010,,0.5483635775490548,114,h188,Failed
113,h1346,,0.5842540947819509,114,h188,Failed
113,h229,Passed,0.5862955751669412,114,h188,Failed
113,h3746,,0.6297134100816321,114,h188,Failed
113,h4839,,0.5648008839439421,114,h188,Failed
113,h831,,0.9823152830284972,114,h188,Failed
113,h5730,,0.6857668982983991,114,h189,Agreed to
113,h5731,,0.797715439199295,114,h189,Agreed to
113,h5798,,0.7194810689291272,114,h189,Agreed to
113,h5730,,0.7357116187652973,114,h190,Failed
113,h5731,,0.7855183239184317,114,h190,Failed
113,h5798,,0.6896752382008772,114,h190,Failed
113,h1087,,0.5902883812701906,114,h191,Failed
113,h1365,,0.5676897538583376,114,h191,Failed
113,h15,Passed,0.6363693492282282,114,h191,Failed
113,h1525,,0.6278962191863613,114,h191,Failed
113,h1760,,0.5165644138014398,114,h191,Failed
113,h1901,,0.6593715561453838,114,h191,Failed
113,h2131,,0.5997436090199372,114,h191,Failed
113,h2264,,0.6702990210445848,114,h191,Failed
113,h2278,,0.7477042271357107,114,h191,Failed
113,h3163,,0.5721220861813434,114,h191,Failed
113,h3431,,0.5691084321076949,114,h191,Failed
113,h5137,,0.7407569177736335,114,h191,Failed
113,h5143,,0.526253325617112,114,h191,Failed
113,h5163,,0.6334055391746818,114,h191,Failed
113,h5316,,0.55953593215749,114,h191,Failed
113,h5761,,0.5006318188775575,114,h191,Failed
113,h629,Passed,0.5319300996841916,114,h191,Failed
113,h944,,0.573281442162042,114,h191,Failed
113,h1674,,0.9215042583297092,114,h192,Failed
113,h556,Passed,0.54119400231836,114,h192,Failed
113,h5001,,0.9883426296628344,114,h193,Passed
113,h2326,,0.6222802130833824,114,h194,Passed
113,h5282,,0.9936846942555342,114,h194,Passed
113,h1994,,0.7784062205795445,114,h195,Passed
113,h260,Agreed to,0.6494729883829753,114,h195,Passed
113,h4646,,0.5227732313133668,114,h195,Passed
113,h4894,,0.5076241399387341,114,h195,Passed
113,h4880,,0.9802503328138863,114,h196,Passed
113,h2523,,0.8754155284290529,114,h197,Passed
113,h3569,,0.5535891668616673,114,h197,Passed
113,h3829,,0.5594475827304835,114,h197,Passed
113,h683,,0.6956907670915626,114,h197,Passed
113,h3040,,0.5498504939013269,114,h198,Passed
113,h3825,,0.6789921932324551,114,h198,Passed
113,h5101,,0.7749562697059599,114,h198,Passed
113,h5624,,0.8506781616491075,114,h198,Passed
113,h974,,0.9963882647674301,114,h198,Passed
113,h2424,,0.6840722200692204,114,h199,Passed
113,h3978,,0.9959179811906252,114,h199,Passed
113,h5363,,0.5410211124416523,114,h199,Passed
113,h186,Failed,0.6379727814805367,114,h20,Passed
113,h20,Passed,0.9991812485054526,114,h20,Passed
113,h268,Failed,0.836146433778564,114,h20,Passed
113,h269,Passed,0.9052148853810477,114,h20,Passed
113,h270,Failed,0.8807339720449231,114,h20,Passed
113,h3356,,0.5748749726841994,114,h20,Passed
113,h5641,,0.7991695229460771,114,h20,Passed
113,h2968,,0.9904571369260606,114,h200,Passed
113,h2424,,0.9977606511366302,114,h201,Passed
113,h3978,,0.6834039146688154,114,h201,Passed
113,h1574,,0.9400724107667752,114,h202,Failed
113,h1134,,0.5421712832874429,114,h203,Passed
113,h3056,,0.5573761799943688,114,h203,Passed
113,h3516,,0.5886239650639001,114,h203,Passed
113,h3858,,0.5200139487583576,114,h203,Passed
113,h4234,,0.6011673536387832,114,h203,Passed
113,h4759,,0.6011448209834072,114,h203,Passed
113,h5048,,0.7430454985089008,114,h203,Passed
113,h5059,,0.9844174363937286,114,h203,Passed
113,h1771,,0.7637394875620552,114,h204,Passed
113,h673,,0.9724041220663336,114,h204,Passed
113,h893,,0.5295857268709294,114,h204,Passed
113,h4389,,0.8011723395568361,114,h205,Passed
113,h4121,,0.9360529612253656,114,h207,Passed
113,h2267,,0.5200602911176652,114,h21,Passed
113,h875,,0.983092888701691,114,h21,Passed
113,h5262,,0.8529541321714699,114,h210,Failed
113,h5298,,0.8214919036416019,114,h210,Failed
113,h2097,,0.9937206469889333,114,h211,Passed
113,h5753,,0.5025971294134279,114,h212,Failed
113,h633,Passed,0.9857790439806913,114,h213,Failed
113,h786,,0.7922972100444885,114,h214,Agreed to
113,h1478,,0.6608007467188851,114,h215,Agreed to
113,h2238,,0.5541043581535601,114,h215,Agreed to
113,h3181,,0.8391300736218185,114,h215,Agreed to
113,h729,,0.5762237036732377,114,h215,Agreed to
113,h773,,0.5066956896409942,114,h215,Agreed to
113,h816,,0.5136088646662096,114,h215,Agreed to
113,h900,,0.5440290960432674,114,h215,Agreed to
113,h2704,,0.9957162832731291,114,h216,Agreed to
113,h217,Passed,0.9214149299069662,114,h217,Passed
113,h3471,,0.5033778354642955,114,h217,Passed
113,h3932,,0.529025289040288,114,h217,Passed
113,h61,Passed,0.8843203395769915,114,h217,Passed
113,h7,Failed,0.529433688187194,114,h217,Passed
113,h288,Agreed to,0.8944932235315498,114,h218,Passed
113,h5740,,0.6877996119708238,114,h218,Passed
113,h223,Failed,0.998132261124855,114,h219,Passed
113,h2490,,0.7205425113961745,114,h219,Passed
113,h2756,,0.6299220634689295,114,h219,Passed
113,h2758,,0.956096425367641,114,h219,Passed
113,h278,Failed,0.9979458756071257,114,h219,Passed
113,h2928,,0.6598207028037103,114,h219,Passed
113,h2978,,0.9027514025374852,114,h219,Passed
113,h337,Failed,0.8216038938609435,114,h219,Passed
113,h3906,,0.7257795630601274,114,h219,Passed
113,h3474,,0.8325545357263209,114,h22,Passed
113,h288,Agreed to,0.7024437057602001,114,h220,Passed
113,h5740,,0.8728483274271898,114,h220,Passed
113,h3541,,0.7914761995188774,114,h221,Passed
113,h4354,,0.7589137978057213,114,h221,Passed
113,h4768,,0.9377798098582345,114,h222,Passed
113,h1647,,0.5477649435778522,114,h223,Failed
113,h2773,,0.7647457617104482,114,h223,Failed
113,h5764,,0.9549174918416872,114,h223,Failed
113,h600,Passed,0.5041673792096742,114,h223,Failed
113,h2465,,0.8774453109609142,114,h224,Failed
113,h2464,,0.9004082075814014,114,h225,Failed
113,h2648,,0.9372741466680374,114,h226,Failed
113,h988,,0.9076947006043752,114,h228,Passed
113,h2631,,0.6934095217094629,114,h229,Passed
113,h3141,,0.9499680421229976,114,h229,Passed
113,h1786,,0.9923219354727235,114,h23,Agreed to
113,h2132,,0.6892785597989788,114,h23,Agreed to
113,h5631,,0.8525709125714491,114,h230,Passed
113,h913,,0.5222601232738475,114,h230,Passed
113,h1918,,0.6665698367231484,114,h232,Agreed to
113,h494,Failed,0.9752361003746167,114,h232,Agreed to
113,h5776,,0.8950249915885717,114,h233,Failed
113,h1468,,0.6592665735570226,114,h234,Failed
113,h3696,,0.6331267463661121,114,h234,Failed
113,h624,Failed,0.9984218762939169,114,h234,Failed
113,h3086,,0.6359205275807037,114,h235,Failed
113,h434,Passed,0.6649554988904584,114,h235,Failed
113,h22,Failed,0.9946634719668672,114,h236,Agreed to
113,h3146,,0.636611806161574,114,h237,Failed
113,h5406,,0.9839077976981055,114,h237,Failed
113,h5408,,0.8137724762376196,114,h237,Failed
113,h5695,,0.9065376446237515,114,h237,Failed
113,h5617,,0.9161637396629788,114,h238,Agreed to
113,h139,Failed,0.9962022024716589,114,h239,Failed
113,h24,Passed,0.8454536418949079,114,h24,Failed
113,h33,Passed,0.7375724025150158,114,h24,Failed
113,h2217,,0.9434886546407012,114,h240,Passed
113,h2609,,0.502254735547676,114,h240,Passed
113,h4660,,0.5742298396757619,114,h240,Passed
113,h4923,,0.5103157615627405,114,h240,Passed
113,h5016,,0.5783126681064134,114,h240,Passed
113,h933,,0.5378880796432407,114,h240,Passed
113,h994,,0.9461475871035848,114,h241,Passed
113,h1924,,0.7455730840769935,114,h242,Passed
113,h4207,,0.6958918648273209,114,h242,Passed
113,h4373,,0.8609167732164085,114,h242,Passed
113,h4902,,0.8932548314043548,114,h242,Passed
113,h5590,,0.5460885387991746,114,h242,Passed
113,h5439,,0.9637065108493804,114,h243,Failed
113,h5659,,0.5397522585475099,114,h243,Failed
113,h1367,,0.6562557072136507,114,h244,Agreed to
113,h4437,,0.9779312253095471,114,h244,Agreed to
113,h5815,,0.9959664881933705,114,h244,Agreed to
113,h2744,,0.5689744921358756,114,h246,Agreed to
113,h3530,,0.5049084236841445,114,h246,Agreed to
113,h3905,,0.5152605458885631,114,h246,Agreed to
113,h5081,,0.5558363580057399,114,h246,Agreed to
113,h5111,,0.7019116263040004,114,h246,Agreed to
113,h898,,0.5471772679110187,114,h246,Agreed to
113,h4968,,0.9919785250855042,114,h247,Failed
113,h582,Passed,0.732043005649641,114,h248,Failed
113,h903,,0.9037086912180952,114,h248,Failed
113,h279,Failed,0.9366493046275617,114,h249,Agreed to
113,h666,,0.7364446867616428,114,h249,Agreed to
113,h1040,,0.5087861277827699,114,h25,Failed
113,h25,Passed,0.9978525883083457,114,h25,Failed
113,h3352,,0.7137090215962425,114,h250,Failed
113,h4274,,0.7678853720289117,114,h250,Failed
113,h384,Failed,0.9790973780184115,114,h251,Failed
113,h386,Failed,0.6095371116387671,114,h251,Failed
113,h1670,,0.6256333457272059,114,h252,Agreed to
113,h285,Agreed to,0.5575301434298151,114,h252,Agreed to
113,h3501,,0.5270758382372581,114,h252,Agreed to
113,h384,Failed,0.58560484474975,114,h252,Agreed to
113,h386,Failed,0.9983156249018909,114,h252,Agreed to
113,h4277,,0.5619042127069716,114,h252,Agreed to
113,h4745,,0.5625326385893508,114,h252,Agreed to
113,h1323,,0.818171410843004,114,h253,Failed
113,h2558,,0.9931360160499291,114,h253,Failed
113,h2929,,0.628090065473656,114,h253,Failed
113,h3298,,0.6177283641662061,114,h253,Failed
113,h3989,,0.5564972901361716,114,h253,Failed
113,h5326,,0.5698233513495642,114,h253,Failed
113,h5427,,0.7027288569881373,114,h253,Failed
113,h774,,0.8518773636780512,114,h253,Failed
113,h1704,,0.7216251772654056,114,h254,Failed
113,h5234,,0.5369231447997322,114,h255,Failed
113,h615,Passed,0.8566802471172777,114,h255,Failed
113,h616,Passed,0.8121934774842678,114,h255,Failed
113,h122,Failed,0.792752784295236,114,h256,Failed
113,h1415,,0.650276426890136,114,h256,Failed
113,h4931,,0.5923802782335497,114,h256,Failed
113,h5248,,0.9483668863540834,114,h257,Agreed to
113,h201,Passed,0.5119280072307962,114,h258,Agreed to
113,h2182,,0.9938802160022013,114,h258,Agreed to
113,h1738,,0.5107715175267622,114,h259,Agreed to
113,h2116,,0.5535560471307501,114,h259,Agreed to
113,h3393,,0.5166862406875837,114,h259,Agreed to
113,h3437,,0.533163606500888,114,h259,Agreed to
113,h3476,,0.5196474510497303,114,h259,Agreed to
113,h5287,,0.9889710936127397,114,h259,Agreed to
113,h1064,,0.8814936227510444,114,h26,Failed
113,h1155,,0.9081165028106446,114,h26,Failed
113,h4871,,0.505105111732006,114,h26,Failed
113,h3395,,0.6579311082597652,114,h260,Agreed to
113,h4117,,0.6189116454967213,114,h260,Agreed to
113,h5494,,0.6285218938806512,114,h260,Agreed to
113,h2107,,0.9641606140229316,114,h261,Failed
113,h689,,0.5281684368483931,114,h262,Failed
113,h784,,0.8936181385674397,114,h262,Failed
113,h3221,,0.9950622237946044,114,h263,Agreed to
113,h1384,,0.5815859775166221,114,h264,Agreed to
113,h1508,,0.5952636775195546,114,h264,Agreed to
113,h2149,,0.5939685703296979,114,h264,Agreed to
113,h5085,,0.5295970879334265,114,h264,Agreed to
113,h918,,0.9564629245759848,114,h264,Agreed to
113,h261,Failed,0.9921233880341723,114,h265,Agreed to
113,h1730,,0.6569886409149914,114,h266,Agreed to
113,h176,Failed,0.8755721680115089,114,h266,Agreed to
113,h2309,,0.5273397408340127,114,h266,Agreed to
113,h4065,,0.597780781935808,114,h266,Agreed to
113,h5376,,0.959287271884332,114,h266,Agreed to
113,h1573,,0.9483264451084028,114,h267,Agreed to
113,h4578,,0.5987673746123892,114,h267,Agreed to
113,h3768,,0.937621229899134,114,h268,Failed
113,h1689,,0.8307071496360078,114,h269,Passed
113,h1826,,0.5764565829433698,114,h269,Passed
113,h352,Failed,0.6971682554795229,114,h27,Failed
113,h1331,,0.712066638241194,114,h270,Failed
113,h5481,,0.9436770658290882,114,h270,Failed
113,h1492,,0.6530606701843445,114,h271,Passed
113,h2470,,0.504603619942424,114,h271,Passed
113,h3565,,0.5322265510848194,114,h271,Passed
113,h446,Passed,0.5545643745262518,114,h271,Passed
113,h4646,,0.5518066770549025,114,h271,Passed
113,h4861,,0.6424512440766175,114,h271,Passed
113,h4894,,0.5618525813710934,114,h271,Passed
113,h4977,,0.9915224684073005,114,h271,Passed
113,h597,Failed,0.5077603226454054,114,h271,Passed
113,h614,Passed,0.5005257339232662,114,h271,Passed
113,h4720,,0.8849838231653615,114,h272,Passed
113,h2550,,0.9877765406312191,114,h273,Failed
113,h2551,,0.7121972389197446,114,h273,Failed
113,h1917,,0.974524178409198,114,h274,Failed
113,h214,Agreed to,0.8939725859221047,114,h274,Failed
113,h871,,0.689432685509938,114,h274,Failed
113,h872,,0.9229754276429067,114,h274,Failed
113,h873,,0.6468881979772566,114,h274,Failed
113,h5743,,0.9919456149504408,114,h275,
113,h3732,,0.8688376692109234,114,h276,Failed
113,h4279,,0.5884375912691792,114,h276,Failed
113,h1337,,0.6375849533858663,114,h277,Failed
113,h3868,,0.6498165479887964,114,h277,Failed
113,h5433,,0.5266316489273629,114,h277,Failed
113,h5668,,0.6993523399811298,114,h277,Failed
113,h1124,,0.695536489110458,114,h278,Failed
113,h2944,,0.884200782222614,114,h278,Failed
113,h4752,,0.9882437473773082,114,h279,Failed
113,h3,Passed,0.732821334954964,114,h28,Passed
113,h334,Failed,0.9756480388467743,114,h28,Passed
113,h3703,,0.6786389047129561,114,h28,Passed
113,h5682,,0.6246756815392331,114,h28,Passed
113,h5094,,0.753854278358921,114,h280,Failed
113,h4698,,0.8664786143493992,114,h281,Failed
113,h4444,,0.9707227776245503,114,h282,Failed
113,h1847,,0.9965642508123249,114,h283,Agreed to
113,h1852,,0.9940855877400419,114,h283,Agreed to
113,h4920,,0.8704432700952446,114,h284,Failed
113,h5809,,0.964276527987869,114,h284,Failed
113,h4225,,0.7974633754041036,114,h285,Agreed to
113,h2991,,0.9912507232595433,114,h286,Agreed to
113,h4139,,0.601323203349202,114,h287,Passed
113,h580,Failed,0.5044002676238315,114,h287,Passed
113,h1284,,0.9351524420516424,114,h288,Agreed to
113,h4853,,0.8072384544667467,114,h289,Failed
113,h5768,,0.7443167429488039,114,h29,Agreed to
113,h3531,,0.9836129047750551,114,h290,Agreed to
113,h473,Passed,0.5736893907541469,114,h290,Agreed to
113,h5373,,0.5369442003925947,114,h290,Agreed to
113,h1877,,0.5740214377574443,114,h291,Failed
113,h3978,,0.5406856724654678,114,h291,Failed
113,h4039,,0.5898244098054225,114,h291,Failed
113,h4239,,0.6463290385636838,114,h291,Failed
113,h5149,,0.5050103447602395,114,h291,Failed
113,h5150,,0.7404515456509895,114,h291,Failed
113,h5363,,0.9966283569076128,114,h291,Failed
113,h5534,,0.5304084401250532,114,h291,Failed
113,h5781,,0.5434561563260676,114,h291,Failed
113,h765,,0.6255977361374784,114,h291,Failed
113,h3221,,0.5297717955290699,114,h292,Failed
113,h5539,,0.8109195509342387,114,h293,Failed
113,h2726,,0.7878034298311802,114,h294,Failed
113,h5570,,0.7252697960155425,114,h295,Failed
113,h1732,,0.7370201514138663,114,h296,Failed
113,h2283,,0.5976845174429951,114,h296,Failed
113,h2744,,0.7555573442605278,114,h296,Failed
113,h3530,,0.9116397816443547,114,h296,Failed
113,h3610,,0.6559874530631851,114,h296,Failed
113,h4424,,0.5187664805888158,114,h296,Failed
113,h4636,,0.6394991086111768,114,h296,Failed
113,h5044,,0.6386735883444264,114,h296,Failed
113,h5076,,0.5640719850759496,114,h296,Failed
113,h5081,,0.7441622397703551,114,h296,Failed
113,h5116,,0.5431437892083046,114,h296,Failed
113,h5135,,0.6859474276660783,114,h296,Failed
113,h5411,,0.5322678010218842,114,h296,Failed
113,h898,,0.80886122842882,114,h296,Failed
113,h906,,0.561943826187599,114,h296,Failed
113,h1,Passed,0.5734833008546943,114,h297,Passed
113,h1554,,0.6668660632675446,114,h297,Passed
113,h1555,,0.5103942626047138,114,h297,Passed
113,h3666,,0.9219245214211723,114,h297,Passed
113,h5443,,0.5145535621958548,114,h297,Passed
113,h5857,,0.687431533894215,114,h297,Passed
113,h694,,0.5775107118674747,114,h297,Passed
113,h3005,,0.9099899502240144,114,h298,Passed
113,h1862,,0.7741288884687856,114,h299,Passed
113,h2572,,0.523449041401376,114,h299,Passed
113,h3584,,0.9657312107856754,114,h299,Passed
113,h688,,0.5013183343270831,114,h299,Passed
113,h3,Passed,0.8019262154234891,114,h3,Passed
113,h334,Failed,0.6688615322423407,114,h3,Passed
113,h3703,,0.6908772162554844,114,h3,Passed
113,h5682,,0.906332251643682,114,h3,Passed
113,h2575,,0.8235839400591611,114,h30,Agreed to
113,h1417,,0.5116305523105423,114,h300,Failed
113,h2220,,0.9971965511966652,114,h300,Failed
113,h2872,,0.5795603053812105,114,h300,Failed
113,h3846,,0.5241419081994851,114,h300,Failed
113,h4303,,0.5596267509445536,114,h300,Failed
113,h4882,,0.7812923347180313,114,h300,Failed
113,h4962,,0.5250665250410869,114,h300,Failed
113,h5114,,0.5569582016225545,114,h300,Failed
113,h5261,,0.5046567613274614,114,h300,Failed
113,h5316,,0.5770018965431265,114,h300,Failed
113,h547,Passed,0.5533994784303773,114,h300,Failed
113,h548,Passed,0.5449410973188872,114,h300,Failed
113,h830,,0.5222393502694682,114,h300,Failed
113,h4523,,0.9077808271003852,114,h301,Failed
113,h4829,,0.6693886280610105,114,h301,Failed
113,h5561,,0.5207743078907114,114,h301,Failed
113,h303,Failed,0.9737244711075425,114,h303,Failed
113,h333,Failed,0.8760745570791804,114,h303,Failed
113,h3573,,0.6090561909228578,114,h304,Failed
113,h4306,,0.6754741862661754,114,h304,Failed
113,h1086,,0.9929876066464605,114,h305,Failed
113,h5866,,0.9834564647585278,114,h306,Failed
113,h227,Agreed to,0.9961302064674801,114,h307,Failed
113,h868,,0.5655362048609693,114,h307,Failed
113,h1410,,0.9555913462823796,114,h308,Failed
113,h5873,,0.9942524008517659,114,h309,Passed
113,h3308,,0.9714626445795628,114,h310,Failed
113,h3420,,0.7503478657361804,114,h310,Failed
113,h3539,,0.9511487872273967,114,h311,Passed
113,h5721,,0.9372074744369244,114,h312,Passed
113,h1333,,0.6086689848115657,114,h313,Passed
113,h3368,,0.5887173367554053,114,h313,Passed
113,h3999,,0.6143037385347329,114,h313,Passed
113,h515,Passed,0.5220968851622294,114,h313,Passed
113,h517,Passed,0.5965740867453923,114,h313,Passed
113,h5173,,0.5003839375759691,114,h313,Passed
113,h5229,,0.939745985097778,114,h313,Passed
113,h5323,,0.8309770151432992,114,h313,Passed
113,h155,Failed,0.9737255417197781,114,h314,Passed
113,h1855,,0.8468143932161462,114,h315,Passed
113,h4927,,0.9501945168527792,114,h316,Failed
113,h2681,,0.8060310165406568,114,h317,Passed
113,h292,Failed,0.9963736737192226,114,h317,Passed
113,h4014,,0.5592379286752257,114,h318,Failed
113,h440,Failed,0.974561539838844,114,h318,Failed
113,h2594,,0.6460568996675653,114,h319,Failed
113,h442,Passed,0.9785306806794294,114,h319,Failed
113,h1087,,0.516153181248203,114,h32,Agreed to
113,h2131,,0.5037473198396073,114,h32,Agreed to
113,h2278,,0.5137623030239303,114,h32,Agreed to
113,h5761,,0.869732651222232,114,h32,Agreed to
113,h944,,0.5375609358721211,114,h32,Agreed to
113,h5789,,0.996704809182383,114,h320,Failed
113,h5813,,0.9861386866306298,114,h321,Agreed to
113,h5387,,0.7160076558330417,114,h322,Agreed to
113,h5794,,0.9289122519388289,114,h322,Agreed to
113,h5385,,0.9310692225690421,114,h323,Agreed to
113,h5386,,0.9275873159988977,114,h324,Failed
113,h5885,,0.9751867719748697,114,h325,Failed
113,h1818,,0.8476081269155811,114,h326,Failed
113,h1819,,0.9840933372905319,114,h326,Failed
113,h1818,,0.9908637022587733,114,h327,Agreed to
113,h1819,,0.8446459217626207,114,h327,Agreed to
113,h1226,,0.5451452932063935,114,h328,Failed
113,h2718,,0.9746418103589387,114,h328,Failed
113,h4546,,0.5247943363744615,114,h328,Failed
113,h1066,,0.513494499605048,114,h329,Failed
113,h1226,,0.584481307485423,114,h329,Failed
113,h1548,,0.5730431172629762,114,h329,Failed
113,h409,Failed,0.5680984040556278,114,h329,Failed
113,h4546,,0.7010130290024579,114,h329,Failed
113,h5671,,0.9978982872358447,114,h329,Failed
113,h2476,,0.5399937158292311,114,h33,Agreed to
113,h3685,,0.5711586141815311,114,h33,Agreed to
113,h3979,,0.9093444585055874,114,h33,Agreed to
113,h5811,,0.5115181427192924,114,h33,Agreed to
113,h382,Failed,0.5234339234499169,114,h330,Failed
113,h4988,,0.7933227937750369,114,h330,Failed
113,h753,,0.9378292663710072,114,h331,Agreed to
113,h5389,,0.9368107691280816,114,h332,Failed
113,h303,Failed,0.8917592308452583,114,h333,Failed
113,h333,Failed,0.9758033950352515,114,h333,Failed
113,h1307,,0.9765060547536774,114,h334,Failed
113,h1328,,0.6282689383132362,114,h335,Agreed to
113,h1329,,0.534587010795795,114,h335,Agreed to
113,h39,Failed,0.7403505303454198,114,h335,Agreed to
113,h3786,,0.9370852632353415,114,h336,Failed
113,h1147,,0.965525027798187,114,h337,Failed
113,h4719,,0.6594981723554545,114,h338,Passed
113,h4721,,0.9446979005324482,114,h338,Passed
113,h5806,,0.6847949538488226,114,h338,Passed
113,h1881,,0.8198235435506875,114,h339,Passed
113,h2081,,0.8399850164105457,114,h339,Passed
113,h2674,,0.6873822555609441,114,h339,Passed
113,h3033,,0.5438819928574202,114,h339,Passed
113,h3355,,0.6034536455001646,114,h339,Passed
113,h4286,,0.6879904716373114,114,h339,Passed
113,h49,Failed,0.997736069097636,114,h339,Passed
113,h1110,,0.8579084365793862,114,h34,Failed
113,h5309,,0.9985931496713747,114,h34,Failed
113,h4257,,0.8420173565446459,114,h340,Passed
113,h3007,,0.9471914121803253,114,h341,Passed
113,h3614,,0.7610465379073384,114,h341,Passed
113,h1131,,0.9709804837524214,114,h342,Passed
113,h2476,,0.5452076165947739,114,h343,Failed
113,h5811,,0.9417715005725508,114,h343,Failed
113,h4629,,0.9622631627002916,114,h344,Failed
113,h5234,,0.5120842594719835,114,h344,Failed
113,h2517,,0.5024571693295905,114,h346,Failed
113,h2706,,0.5619700845121448,114,h346,Failed
113,h2920,,0.9348288320668894,114,h346,Failed
113,h891,,0.5493475526381009,114,h346,Failed
113,h5446,,0.9230913310456744,114,h347,Agreed to
113,h2,Passed,0.5029586102986162,114,h348,Failed
113,h2641,,0.9973482606421291,114,h348,Failed
113,h5412,,0.7055282235751433,114,h348,Failed
113,h5456,,0.951944674093084,114,h349,Passed
113,h5544,,0.9678484569665408,114,h35,Passed
113,h1732,,0.6994480409331509,114,h350,Failed
113,h2283,,0.734264508893721,114,h350,Failed
113,h2744,,0.6637565161050138,114,h350,Failed
113,h3530,,0.6154201541139129,114,h350,Failed
113,h3610,,0.6190493840058799,114,h350,Failed
113,h4449,,0.5504411926939765,114,h350,Failed
113,h4636,,0.5387658269098988,114,h350,Failed
113,h5044,,0.7925293262715247,114,h350,Failed
113,h5076,,0.591699385118525,114,h350,Failed
113,h5081,,0.7294092043520473,114,h350,Failed
113,h5116,,0.57101042503298,114,h350,Failed
113,h5135,,0.9776626051576213,114,h350,Failed
113,h5607,,0.5751577188661323,114,h350,Failed
113,h898,,0.7525205969410812,114,h350,Failed
113,h906,,0.5264580144294877,114,h350,Failed
113,h6,Passed,0.9529119199221392,114,h351,Failed
113,h3150,,0.5435744895805243,114,h353,Failed
113,h3508,,0.8512083689497699,114,h353,Failed
113,h5638,,0.6404982769896982,114,h354,Passed
113,h4367,,0.6266696833029677,114,h355,Passed
113,h4398,,0.8114716200429951,114,h355,Passed
113,h5032,,0.9819737442383776,114,h356,Passed
113,h1732,,0.5026547504277836,114,h357,Failed
113,h2283,,0.5682812728791229,114,h357,Failed
113,h4449,,0.8124079814761574,114,h357,Failed
113,h5044,,0.5741928040722297,114,h357,Failed
113,h5081,,0.5504690919858446,114,h357,Failed
113,h5135,,0.5550350493622022,114,h357,Failed
113,h898,,0.5582810993229992,114,h357,Failed
113,h1653,,0.6030686731946298,114,h358,Failed
113,h1905,,0.6119306048757592,114,h358,Failed
113,h2366,,0.6112833180538376,114,h358,Failed
113,h2633,,0.5946965501601557,114,h358,Failed
113,h2760,,0.6265824295394531,114,h358,Failed
113,h2866,,0.5308760683417447,114,h358,Failed
113,h2932,,0.5927955331071152,114,h358,Failed
113,h3729,,0.6674194729473265,114,h358,Failed
113,h3867,,0.9903635909094003,114,h358,Failed
113,h627,Agreed to,0.6648342990433874,114,h358,Failed
113,h183,Passed,0.9839136615548554,114,h359,Passed
113,h2847,,0.5066342585284989,114,h359,Passed
113,h1797,,0.9935397500027011,114,h36,Failed
113,h447,Passed,0.5435042243504621,114,h36,Failed
113,h1670,,0.6467693506919334,114,h360,Agreed to
113,h386,Failed,0.5124275296047993,114,h360,Agreed to
113,h4277,,0.6361841280861725,114,h360,Agreed to
113,h4329,,0.996339128235642,114,h360,Agreed to
113,h1791,,0.9061361019789629,114,h361,Failed
113,h1040,,0.5567742433455003,114,h362,Failed
113,h2060,,0.6531878745215838,114,h362,Failed
113,h699,,0.6547242420600625,114,h362,Failed
113,h766,,0.9789208064150576,114,h362,Failed
113,h4045,,0.9708726960604912,114,h363,Failed
113,h1337,,0.6365514677017703,114,h364,Failed
113,h3868,,0.6490172087544482,114,h364,Failed
113,h5433,,0.5257780116715466,114,h364,Failed
113,h5668,,0.6982187331924642,114,h364,Failed
113,h4623,,0.911273888343784,114,h365,Agreed to
113,h3453,,0.9858455431501991,114,h366,Failed
113,h648,Passed,0.9913236881409971,114,h367,Failed
113,h137,Passed,0.8415740005889889,114,h368,Passed
113,h21,Passed,0.9985554347864571,114,h368,Passed
113,h34,Passed,0.5447000441469971,114,h368,Passed
113,h720,,0.6141824439361327,114,h368,Passed
113,h5673,,0.9732474340453587,114,h369,Passed
113,h2274,,0.5769224603780694,114,h37,Passed
113,h3623,,0.5567382428972023,114,h37,Passed
113,h4164,,0.5029077259440407,114,h37,Passed
113,h5405,,0.8326532235478572,114,h37,Passed
113,h132,Passed,0.7660379239857597,114,h370,Passed
113,h45,Failed,0.9189938966456654,114,h370,Passed
113,h1558,,0.5167639426976128,114,h371,Failed
113,h3598,,0.8841571409022222,114,h371,Failed
113,h1670,,0.5976627918058136,114,h372,Agreed to
113,h285,Agreed to,0.9866008786468994,114,h372,Agreed to
113,h386,Failed,0.5606870303394536,114,h372,Agreed to
113,h2166,,0.899377897781958,114,h373,Failed
113,h3461,,0.5372826330169501,114,h374,Failed
113,h3983,,0.5324680395963298,114,h374,Failed
113,h3984,,0.9967251094746417,114,h374,Failed
113,h791,,0.621957960665221,114,h374,Failed
113,h2195,,0.5139934918348625,114,h375,Failed
113,h3983,,0.9948237702265865,114,h375,Failed
113,h3984,,0.533435706910111,114,h375,Failed
113,h791,,0.5352505737001979,114,h375,Failed
113,h5606,,0.9869709435528858,114,h377,Failed
113,h5344,,0.9687348186176296,114,h378,Passed
113,h485,Passed,0.9455012803506302,114,h379,Failed
113,h5759,,0.8630585906897547,114,h38,Passed
113,h2828,,0.5057471145870339,114,h380,Agreed to
113,h781,,0.8484507870339942,114,h380,Agreed to
113,h129,Passed,0.9914255943049664,114,h381,Failed
113,h3711,,0.7441625613589008,114,h381,Failed
113,h3455,,0.8396124608957563,114,h382,Failed
113,h2023,,0.5565688656196008,114,h383,Agreed to
113,h4461,,0.5571368054070858,114,h383,Agreed to
113,h662,,0.8707062904466762,114,h383,Agreed to
113,h2919,,0.9663464595410977,114,h384,Failed
113,h3347,,0.5355610095412902,114,h385,Failed
113,h5635,,0.9700092544534787,114,h385,Failed
113,h5370,,0.9460312025732036,114,h386,Failed
113,h4867,,0.9705025372996764,114,h387,Agreed to
113,h3976,,0.7639310104372468,114,h388,Failed
113,h1723,,0.986571908167016,114,h389,Agreed to
113,h1013,,0.767911807347441,114,h39,Passed
113,h56,Passed,0.9364225389752882,114,h39,Passed
113,h57,Passed,0.9376192985713687,114,h39,Passed
113,h58,Passed,0.9341427521814407,114,h39,Passed
113,h59,Passed,0.9315215057482432,114,h39,Passed
113,h5638,,0.8738778789547376,114,h390,Agreed to
113,h1084,,0.5586831169151657,114,h391,Passed
113,h305,Failed,0.977251467995059,114,h391,Passed
113,h754,,0.984915436321384,114,h392,Passed
113,h1699,,0.780277885826373,114,h393,Agreed to
113,h584,Passed,0.9473235604330996,114,h393,Agreed to
113,h1667,,0.9838536129297286,114,h394,Agreed to
113,h3229,,0.9267268138462026,114,h395,Failed
113,h1023,,0.991208084787569,114,h396,Agreed to
113,h3817,,0.955590002324785,114,h397,Agreed to
113,h1732,,0.5324261122916163,114,h398,Failed
113,h2744,,0.5238063987122923,114,h398,Failed
113,h3530,,0.506150685159957,114,h398,Failed
113,h3610,,0.50626198652082,114,h398,Failed
113,h5081,,0.5779963530880949,114,h398,Failed
113,h5135,,0.5392944224792801,114,h398,Failed
113,h5411,,0.9653059387703196,114,h398,Failed
113,h898,,0.5565531906042999,114,h398,Failed
113,h1417,,0.6624568031075505,114,h399,Agreed to
113,h2220,,0.5708158269027636,114,h399,Agreed to
113,h2872,,0.6600364154913708,114,h399,Agreed to
113,h3463,,0.5137219864610446,114,h399,Agreed to
113,h3753,,0.501625301514961,114,h399,Agreed to
113,h3846,,0.5856160778222163,114,h399,Agreed to
113,h4303,,0.6011736951196204,114,h399,Agreed to
113,h4962,,0.5560194957582,114,h399,Agreed to
113,h5114,,0.6667265676216609,114,h399,Agreed to
113,h5261,,0.5555683996267669,114,h399,Agreed to
113,h547,Passed,0.5819799060668684,114,h399,Agreed to
113,h548,Passed,0.5571640133190546,114,h399,Agreed to
113,h72,Failed,0.5238795700876993,114,h399,Agreed to
113,h830,,0.5738487343849874,114,h399,Agreed to
113,h40,Failed,0.9977792195648155,114,h40,Failed
113,h4646,,0.5101590733107508,114,h40,Failed
113,h4894,,0.5283362345410395,114,h40,Failed
113,h614,Passed,0.5230319756924804,114,h40,Failed
113,h4938,,0.792958982555247,114,h401,Failed
113,h2541,,0.5063439726945991,114,h402,Passed
113,h2959,,0.9357379264247871,114,h402,Passed
113,h578,Failed,0.8828549063799418,114,h402,Passed
113,h1917,,0.8948799133511375,114,h403,Failed
113,h214,Agreed to,0.940687544460809,114,h403,Failed
113,h871,,0.7777235605685078,114,h403,Failed
113,h872,,0.9732472866802329,114,h403,Failed
113,h873,,0.6759661894012967,114,h403,Failed
113,h4562,,0.9300866829161885,114,h404,Passed
113,h1873,,0.9939964634119293,114,h405,Passed
113,h2985,,0.9835855131131146,114,h406,Passed
113,h486,Failed,0.5262439685778181,114,h406,Passed
113,h279,Failed,0.7314677088276569,114,h407,Passed
113,h666,,0.93939731209713,114,h407,Passed
113,h5807,,0.9962625037246478,114,h408,Passed
113,h90,Passed,0.9961362015564611,114,h41,Passed
113,h141,Passed,0.5842270995393759,114,h410,Agreed to
113,h4806,,0.9983091332938577,114,h410,Agreed to
113,h12,Passed,0.5168669353024362,114,h411,Failed
113,h50,Passed,0.9911890499942766,114,h411,Failed
113,h95,Passed,0.9459506745898331,114,h412,Failed
113,h2084,,0.9743497780596092,114,h413,Failed
113,h4550,,0.6382067675147058,114,h413,Failed
113,h1135,,0.7481882947715665,114,h414,Passed
113,h46,Failed,0.5692981535339293,114,h414,Passed
113,h4679,,0.9780970652674488,114,h415,Failed
113,h4985,,0.9207302378655995,114,h415,Failed
113,h5278,,0.8085843345657654,114,h415,Failed
113,h5338,,0.7607504127697358,114,h415,Failed
113,h625,Failed,0.9349215244272754,114,h416,Agreed to
113,h626,Failed,0.5188213825089514,114,h416,Agreed to
113,h824,,0.9702223747979345,114,h417,Failed
113,h1734,,0.5367363010653633,114,h418,Agreed to
113,h2214,,0.9839344804144252,114,h418,Agreed to
113,h5641,,0.5090411025625711,114,h418,Agreed to
113,h3478,,0.9896661020443942,114,h419,Agreed to
113,h82,Agreed to,0.9960009429752233,114,h42,Passed
113,h3387,,0.9611889542142489,114,h421,Failed
113,h306,Failed,0.9844073530412084,114,h422,Agreed to
113,h5475,,0.821154452226382,114,h423,Agreed to
113,h186,Failed,0.648556746271219,114,h424,Agreed to
113,h20,Passed,0.8799380789042428,114,h424,Agreed to
113,h268,Failed,0.783243313258368,114,h424,Agreed to
113,h269,Passed,0.8760219518942306,114,h424,Agreed to
113,h270,Failed,0.9937211945862078,114,h424,Agreed to
113,h3356,,0.6169176708847354,114,h424,Agreed to
113,h464,Passed,0.5592709520454788,114,h424,Agreed to
113,h5011,,0.504691033681292,114,h424,Agreed to
113,h5334,,0.5559640304806722,114,h424,Agreed to
113,h5641,,0.8494826588632852,114,h424,Agreed to
113,h186,Failed,0.6097428167963167,114,h425,Agreed to
113,h20,Passed,0.7695412083309233,114,h425,Agreed to
113,h2214,,0.5027878906971713,114,h425,Agreed to
113,h268,Failed,0.6948484658066088,114,h425,Agreed to
113,h269,Passed,0.7352500428061469,114,h425,Agreed to
113,h270,Failed,0.8371485889183987,114,h425,Agreed to
113,h3356,,0.5801376166824899,114,h425,Agreed to
113,h5641,,0.9724695419947829,114,h425,Agreed to
113,h23,Passed,0.9244615810559305,114,h426,Failed
113,h1715,,0.6771776463930214,114,h427,Passed
113,h2250,,0.6385438261308758,114,h427,Passed
113,h2506,,0.8035797955072609,114,h427,Passed
113,h3218,,0.7175026731501423,114,h427,Passed
113,h3372,,0.8017048027518251,114,h427,Passed
113,h367,Failed,0.9766356557740912,114,h427,Passed
113,h5034,,0.9307741356435122,114,h427,Passed
113,h5416,,0.717376304955006,114,h427,Passed
113,h1189,,0.7060307491858824,114,h428,Passed
113,h2471,,0.7682473761397791,114,h428,Passed
113,h2771,,0.7645460193423107,114,h428,Passed
113,h3208,,0.5597098145016298,114,h428,Passed
113,h3760,,0.9534478240541834,114,h428,Passed
113,h4155,,0.7477182001923317,114,h428,Passed
113,h5830,,0.8722949411434809,114,h429,Passed
113,h2872,,0.5853331995558368,114,h43,Passed
113,h3463,,0.559788815914088,114,h43,Passed
113,h4303,,0.5201551500625881,114,h43,Passed
113,h4962,,0.5321880304456195,114,h43,Passed
113,h5261,,0.512315885482408,114,h43,Passed
113,h547,Passed,0.5167313642118132,114,h43,Passed
113,h72,Failed,0.9986968178070147,114,h43,Passed
113,h830,,0.5970292532474677,114,h43,Passed
113,h148,Passed,0.989276054652903,114,h430,Failed
113,h2670,,0.5556529300422514,114,h430,Failed
113,h1105,,0.6319079001602199,114,h432,Passed
113,h1627,,0.5699238240554324,114,h432,Passed
113,h4200,,0.933316282677683,114,h432,Passed
113,h1462,,0.609215496483834,114,h434,Passed
113,h1469,,0.9928072077717649,114,h434,Passed
113,h2267,,0.5887781883840847,114,h434,Passed
113,h4849,,0.5188338952388833,114,h434,Passed
113,h2657,,0.962159259293631,114,h435,Failed
113,h3896,,0.9527026210399627,114,h436,Failed
113,h402,Passed,0.8858615404607152,114,h437,Passed
113,h5014,,0.9361071492004146,114,h439,Agreed to
113,h5141,,0.649858019108786,114,h439,Agreed to
113,h5368,,0.5904686572587015,114,h439,Agreed to
113,h2200,,0.5181771336906265,114,h44,Failed
113,h44,Failed,0.9956221068404851,114,h44,Failed
113,h3726,,0.5358015853551281,114,h440,Failed
113,h4082,,0.6271607028512527,114,h440,Failed
113,h4999,,0.5151041746836958,114,h442,Passed
113,h5711,,0.8374432765304031,114,h442,Passed
113,h4382,,0.9830912090261219,114,h443,Passed
113,h3516,,0.6567313766020298,114,h444,Agreed to
113,h4887,,0.997705067977737,114,h444,Agreed to
113,h1626,,0.5634904109869878,114,h446,Passed
113,h1734,,0.9862397971901945,114,h446,Passed
113,h2214,,0.5268488923929882,114,h446,Passed
113,h270,Failed,0.5482251189057875,114,h447,Passed
113,h464,Passed,0.8041554610817016,114,h447,Passed
113,h1122,,0.5329748172065722,114,h448,Failed
113,h2030,,0.5406173940555593,114,h448,Failed
113,h217,Passed,0.5241149587921298,114,h448,Failed
113,h346,Failed,0.5855809312730982,114,h448,Failed
113,h3471,,0.9908358476655855,114,h448,Failed
113,h3932,,0.5597523434663085,114,h448,Failed
113,h447,Passed,0.607009321175552,114,h448,Failed
113,h5551,,0.5178444928705809,114,h448,Failed
113,h61,Passed,0.5456402217287968,114,h448,Failed
113,h7,Failed,0.5609769283425374,114,h448,Failed
113,h732,,0.5873874203890403,114,h448,Failed
113,h1293,,0.6093376732342556,114,h45,Passed
113,h1830,,0.6856443042434849,114,h45,Passed
113,h1902,,0.5253708496084536,114,h45,Passed
113,h1984,,0.7516251639608537,114,h45,Passed
113,h3295,,0.7346988356560717,114,h45,Passed
113,h3404,,0.6297584887536214,114,h45,Passed
113,h3680,,0.7691464126261099,114,h45,Passed
113,h5145,,0.6477346990206544,114,h45,Passed
113,h5185,,0.6266702967739577,114,h45,Passed
113,h80,Passed,0.9977971078195615,114,h45,Passed
113,h3635,,0.9798246269753639,114,h451,Passed
113,h4172,,0.7986836204683146,114,h452,Passed
113,h718,,0.8525063916814104,114,h453,Passed
113,h1360,,0.9692669541594819,114,h454,Passed
113,h1417,,0.5095842267009029,114,h455,Failed
113,h4303,,0.5198126325891884,114,h455,Failed
113,h4793,,0.7212429132797231,114,h456,Passed
113,h626,Failed,0.9403477458528119,114,h457,Passed
113,h5802,,0.9224928763842752,114,h458,Passed
113,h1394,,0.9893628658218403,114,h459,Passed
113,h1965,,0.5948744037933206,114,h459,Passed
113,h88,Failed,0.9914861195874678,114,h46,Passed
113,h1732,,0.5219742965738079,114,h460,Failed
113,h2283,,0.5274563003397541,114,h460,Failed
113,h5044,,0.550621974918455,114,h460,Failed
113,h5116,,0.9584436580216192,114,h460,Failed
113,h5135,,0.5671405748435352,114,h460,Failed
113,h898,,0.5616223597063509,114,h460,Failed
113,h3728,,0.9823015152327902,114,h461,Failed
113,h1519,,0.9830863946674339,114,h462,Failed
113,h1122,,0.8423018574672683,114,h463,Passed
113,h3471,,0.58225619588286,114,h463,Passed
113,h4091,,0.9201666573302493,114,h464,Passed
113,h1406,,0.9796812638827224,114,h465,Passed
113,h2183,,0.5186041676370466,114,h466,Passed
113,h4036,,0.943130939883622,114,h466,Passed
113,h5091,,0.513293393579394,114,h466,Passed
113,h1089,,0.5151005458193115,114,h467,Passed
113,h1343,,0.5201228280186799,114,h467,Passed
113,h1358,,0.9907361110911203,114,h467,Passed
113,h2587,,0.5386572495848646,114,h467,Passed
113,h3690,,0.5297911054847066,114,h467,Passed
113,h4159,,0.7075278158390319,114,h467,Passed
113,h4161,,0.5853143358143333,114,h467,Passed
113,h4186,,0.5544356805636206,114,h467,Passed
113,h4828,,0.5059092103203718,114,h467,Passed
113,h4833,,0.6443935237826771,114,h467,Passed
113,h5031,,0.5423190808701185,114,h467,Passed
113,h1732,,0.6127626436190798,114,h468,Passed
113,h2283,,0.5362832458481558,114,h468,Passed
113,h2744,,0.6306867428588204,114,h468,Passed
113,h3610,,0.5581845577535159,114,h468,Passed
113,h5044,,0.5569209740729425,114,h468,Passed
113,h5076,,0.9212085434700941,114,h468,Passed
113,h5081,,0.6698237620531121,114,h468,Passed
113,h5135,,0.5926977945289191,114,h468,Passed
113,h898,,0.6373562704465123,114,h468,Passed
113,h1732,,0.7866999543948306,114,h469,Failed
113,h2283,,0.6198743878571505,114,h469,Failed
113,h2744,,0.8649363183603362,114,h469,Failed
113,h3530,,0.679318854508061,114,h469,Failed
113,h3610,,0.6694951415132492,114,h469,Failed
113,h4449,,0.5464449422617565,114,h469,Failed
113,h4636,,0.7518527695609203,114,h469,Failed
113,h5044,,0.6457877237453097,114,h469,Failed
113,h5076,,0.6693469828372249,114,h469,Failed
113,h5081,,0.9770079178208673,114,h469,Failed
113,h5111,,0.5520971437851723,114,h469,Failed
113,h5135,,0.730119911616888,114,h469,Failed
113,h5411,,0.5578355396787974,114,h469,Failed
113,h898,,0.7993082124185923,114,h469,Failed
113,h906,,0.504910473140713,114,h469,Failed
113,h141,Passed,0.6455831359625128,114,h47,Passed
113,h1883,,0.573121615264374,114,h47,Passed
113,h2665,,0.939239094168396,114,h47,Passed
113,h868,,0.5358588146663386,114,h47,Passed
113,h1017,,0.5100179882269466,114,h470,Passed
113,h1021,,0.535256681204863,114,h470,Passed
113,h3008,,0.616261507982538,114,h470,Passed
113,h3411,,0.5199929831802916,114,h470,Passed
113,h3748,,0.5098739938429913,114,h470,Passed
113,h4220,,0.510584706538168,114,h470,Passed
113,h4069,,0.6519151162435162,114,h471,Passed
113,h4709,,0.9398761279205006,114,h471,Passed
113,h4607,,0.9946809784527192,114,h472,Passed
113,h4031,,0.5164828282214254,114,h473,Passed
113,h4399,,0.6386301558750346,114,h473,Passed
113,h1305,,0.8966994703064846,114,h474,Passed
113,h2150,,0.7591430509783696,114,h474,Passed
113,h2485,,0.6055653684588782,114,h474,Passed
113,h2169,,0.5059355702726267,114,h475,Passed
113,h2481,,0.588269586672043,114,h475,Passed
113,h3514,,0.5442072753910198,114,h475,Passed
113,h3600,,0.600233331684044,114,h475,Passed
113,h5273,,0.5813764981717817,114,h475,Passed
113,h4325,,0.954372680949422,114,h478,Passed
113,h5010,,0.6907119970715844,114,h478,Passed
113,h1332,,0.9208165737986856,114,h479,Passed
113,h5488,,0.9680371639213224,114,h48,Passed
113,h1670,,0.5879568012083302,114,h480,Passed
113,h285,Agreed to,0.5291919661699688,114,h480,Passed
113,h386,Failed,0.5928989565290055,114,h480,Passed
113,h3726,,0.9356045142630126,114,h481,Passed
113,h3752,,0.5279241916246789,114,h481,Passed
113,h4082,,0.8108800380446233,114,h481,Passed
113,h4991,,0.973118048313353,114,h482,Passed
113,h966,,0.8659111575882191,114,h483,Passed
113,h1715,,0.7584526552032174,114,h484,Passed
113,h2250,,0.6532397220144585,114,h484,Passed
113,h2506,,0.9927008442882126,114,h484,Passed
113,h3218,,0.7981594608988682,114,h484,Passed
113,h3372,,0.858052496338315,114,h484,Passed
113,h367,Failed,0.7803112297716526,114,h484,Passed
113,h5034,,0.7776855321185017,114,h484,Passed
113,h5416,,0.7343386096761207,114,h484,Passed
113,h3573,,0.9616734220291144,114,h485,Passed
113,h4306,,0.5646836921081362,114,h485,Passed
113,h1097,,0.8664064863573657,114,h486,Failed
113,h5689,,0.9118007799748922,114,h487,Failed
113,h1495,,0.5019059542752861,114,h488,Failed
113,h1512,,0.5625211393692346,114,h488,Failed
113,h432,Passed,0.8534097082605867,114,h488,Failed
113,h2993,,0.8876496490737343,114,h489,Passed
113,h1013,,0.7776595470986823,114,h49,Failed
113,h56,Passed,0.9476078991157545,114,h49,Failed
113,h57,Passed,0.9488189537405496,114,h49,Failed
113,h58,Passed,0.9453008807728238,114,h49,Failed
113,h59,Passed,0.9426483241306639,114,h49,Failed
113,h4022,,0.9927438425058634,114,h490,Passed
113,h1312,,0.9936276651814936,114,h491,Passed
113,h983,,0.9204882014325909,114,h491,Passed
113,h3471,,0.6200234909398004,114,h492,Passed
113,h447,Passed,0.5519529839786472,114,h492,Passed
113,h5551,,0.769631064600392,114,h492,Passed
113,h732,,0.5332002271958055,114,h492,Passed
113,h4797,,0.979754071963291,114,h493,Passed
113,h344,Failed,0.7673379347028276,114,h494,Failed
113,h743,,0.7595882424169089,114,h494,Failed
113,h911,,0.9574072414515841,114,h494,Failed
113,h99,Passed,0.6188782641480709,114,h494,Failed
113,h2184,,0.6528961232571104,114,h495,Passed
113,h2195,,0.5492181227644677,114,h495,Passed
113,h2237,,0.997973311297631,114,h495,Passed
113,h3122,,0.5345857219957691,114,h495,Passed
113,h3873,,0.5926217192809908,114,h495,Passed
113,h5,Passed,0.5720178244193433,114,h495,Passed
113,h5168,,0.602181714016774,114,h495,Passed
113,h3704,,0.6060384748487896,114,h496,Passed
113,h5573,,0.9268342713356603,114,h496,Passed
113,h1875,,0.8263188026729823,114,h497,Passed
113,h4509,,0.992937613846241,114,h497,Passed
113,h1132,,0.9537263601228638,114,h498,Passed
113,h4237,,0.9797027290791048,114,h499,Passed
113,h765,,0.507493253634379,114,h499,Passed
113,h1386,,0.5311892094560334,114,h5,Failed
113,h2184,,0.6238589911609237,114,h5,Failed
113,h2237,,0.5788829378006597,114,h5,Failed
113,h2296,,0.579424921924978,114,h5,Failed
113,h2316,,0.5038661193879059,114,h5,Failed
113,h2378,,0.5930897011232946,114,h5,Failed
113,h2662,,0.5056089675744891,114,h5,Failed
113,h3122,,0.5484119455933012,114,h5,Failed
113,h3433,,0.5109988749355672,114,h5,Failed
113,h3536,,0.526114690411944,114,h5,Failed
113,h378,Passed,0.5705225691280716,114,h5,Failed
113,h379,Failed,0.5701489814075921,114,h5,Failed
113,h4000,,0.5229755695331616,114,h5,Failed
113,h426,Failed,0.5328891954617129,114,h5,Failed
113,h4826,,0.5175446237724626,114,h5,Failed
113,h4913,,0.5862153295968696,114,h5,Failed
113,h5,Passed,0.998012464696879,114,h5,Failed
113,h5168,,0.5123791195297318,114,h5,Failed
113,h521,Passed,0.6143063411324485,114,h5,Failed
113,h5611,,0.5859886923961064,114,h5,Failed
113,h4655,,0.594842994578579,114,h50,Passed
113,h899,,0.9890454186150903,114,h50,Passed
113,h1732,,0.528259447228151,114,h500,Passed
113,h2283,,0.5781673741412411,114,h500,Passed
113,h5044,,0.6305864527069538,114,h500,Passed
113,h5081,,0.5069210115976382,114,h500,Passed
113,h5116,,0.5208865759051013,114,h500,Passed
113,h5135,,0.6253784638921367,114,h500,Passed
113,h5607,,0.8835836397400484,114,h500,Passed
113,h898,,0.6001249720725703,114,h500,Passed
113,h2654,,0.9966886617328333,114,h501,Passed
113,h1134,,0.5260472011542451,114,h502,Passed
113,h3516,,0.5004844238660824,114,h502,Passed
113,h4759,,0.5205300070510505,114,h502,Passed
113,h5618,,0.9926805057717935,114,h502,Passed
113,h5406,,0.6328209833912962,114,h503,Passed
113,h5408,,0.7631854849144583,114,h503,Passed
113,h5695,,0.6603006312989625,114,h503,Passed
113,h4856,,0.9388896288631111,114,h504,Passed
113,h5822,,0.9901009866987968,114,h505,Passed
113,h2035,,0.9986284740501921,114,h506,Passed
113,h5875,,0.6216494609454639,114,h506,Passed
113,h296,Failed,0.8702739848722382,114,h507,Agreed to
113,h1943,,0.9934394656453008,114,h508,Failed
113,h1527,,0.772058903148472,114,h509,Passed
113,h74,Failed,0.9913914236238687,114,h51,Passed
113,h1066,,0.5179465260162377,114,h511,Passed
113,h1226,,0.9338778759238998,114,h511,Passed
113,h1548,,0.5117722882998894,114,h511,Passed
113,h2718,,0.5491525107343744,114,h511,Passed
113,h4546,,0.5639587899946534,114,h511,Passed
113,h4699,,0.5035416032023873,114,h511,Passed
113,h5671,,0.5789919607241809,114,h511,Passed
113,h2285,,0.5438790956623544,114,h512,Failed
113,h4187,,0.7240050997206403,114,h512,Failed
113,h134,Failed,0.6897976362953872,114,h513,Passed
113,h196,Passed,0.5392511420428874,114,h513,Passed
113,h1732,,0.5858099000913433,114,h514,Failed
113,h2283,,0.9909738136127946,114,h514,Failed
113,h2744,,0.5496224580305049,114,h514,Failed
113,h3530,,0.512732919883731,114,h514,Failed
113,h3610,,0.5561186488421191,114,h514,Failed
113,h4449,,0.5571082568109562,114,h514,Failed
113,h5044,,0.7987278440103412,114,h514,Failed
113,h5076,,0.5292340378774909,114,h514,Failed
113,h5081,,0.6121621467939833,114,h514,Failed
113,h5116,,0.5249591800019993,114,h514,Failed
113,h5135,,0.7258356063805002,114,h514,Failed
113,h5607,,0.5530928679234969,114,h514,Failed
113,h898,,0.7128115722874467,114,h514,Failed
113,h906,,0.518476966858513,114,h514,Failed
113,h4573,,0.9925229017488973,114,h515,Passed
113,h1719,,0.9882163515222534,114,h516,Passed
113,h2535,,0.5549753052232228,114,h516,Passed
113,h2760,,0.5375981028316353,114,h516,Passed
113,h3305,,0.5252053006322589,114,h516,Passed
113,h3729,,0.5038011943551206,114,h516,Passed
113,h627,Agreed to,0.5137850159611985,114,h516,Passed
113,h2189,,0.5377971402890896,114,h517,Passed
113,h4766,,0.69240133031337,114,h517,Passed
113,h581,Passed,0.9344899740468608,114,h518,Failed
113,h582,Passed,0.7935288589961866,114,h519,Passed
113,h903,,0.7501762213285006,114,h519,Passed
113,h1087,,0.6321092953475679,114,h52,Passed
113,h1365,,0.5395696441127645,114,h52,Passed
113,h15,Passed,0.7198664744241894,114,h52,Passed
113,h1525,,0.9987234189377462,114,h52,Passed
113,h1760,,0.5698482627582495,114,h52,Passed
113,h1901,,0.5838732119926089,114,h52,Passed
113,h2131,,0.6293049641751891,114,h52,Passed
113,h2278,,0.7126713330608118,114,h52,Passed
113,h2872,,0.502728343384654,114,h52,Passed
113,h3163,,0.6678902873158169,114,h52,Passed
113,h3431,,0.5574309508677733,114,h52,Passed
113,h4178,,0.563821499918998,114,h52,Passed
113,h5114,,0.5046071440731248,114,h52,Passed
113,h5137,,0.6064033258581122,114,h52,Passed
113,h5163,,0.5274492762979436,114,h52,Passed
113,h5316,,0.6030888890354784,114,h52,Passed
113,h629,Passed,0.5571834463722711,114,h52,Passed
113,h830,,0.5354397761113809,114,h52,Passed
113,h944,,0.6266233258545411,114,h52,Passed
113,h5262,,0.8015182371661549,114,h520,Passed
113,h5298,,0.8870847910592184,114,h520,Passed
113,h5736,,0.9422445371771504,114,h521,Passed
113,h1492,,0.5567642052193759,114,h522,Passed
113,h2470,,0.5180371376571077,114,h522,Passed
113,h2675,,0.7680494692303289,114,h522,Passed
113,h3565,,0.6278944779847515,114,h522,Passed
113,h3642,,0.5208580768937472,114,h522,Passed
113,h3651,,0.5193414206319821,114,h522,Passed
113,h3874,,0.5642016333900427,114,h522,Passed
113,h3930,,0.5082265044860308,114,h522,Passed
113,h4388,,0.5064655916759283,114,h522,Passed
113,h446,Passed,0.608735122785,114,h522,Passed
113,h4566,,0.9935078949438679,114,h522,Passed
113,h4646,,0.7531067227947185,114,h522,Passed
113,h4786,,0.6135813597285045,114,h522,Passed
113,h4861,,0.5813940619888823,114,h522,Passed
113,h4894,,0.6262362502802608,114,h522,Passed
113,h5754,,0.5113846848413305,114,h522,Passed
113,h5799,,0.7358132122185589,114,h522,Passed
113,h597,Failed,0.6076913654514982,114,h522,Passed
113,h614,Passed,0.549570659147989,114,h522,Passed
113,h695,,0.5059536869884185,114,h522,Passed
113,h4008,,0.5706715874751787,114,h524,Failed
113,h5226,,0.5768515207544221,114,h525,Passed
113,h525,Passed,0.9724398384996854,114,h525,Passed
113,h982,,0.8833953201342346,114,h526,Failed
113,h2542,,0.9859875546994177,114,h527,Failed
113,h2674,,0.5522731092097529,114,h527,Failed
113,h2804,,0.7126076703866789,114,h527,Failed
113,h1825,,0.9943511273114863,114,h528,Passed
113,h3197,,0.6387475933450616,114,h528,Passed
113,h3590,,0.8049521230021267,114,h528,Passed
113,h2965,,0.6027196519880904,114,h529,Failed
113,h756,,0.5260518518948084,114,h53,Passed
113,h86,Failed,0.5360861489801586,114,h53,Passed
113,h5014,,0.6575371998248536,114,h530,Failed
113,h5141,,0.9610280872350049,114,h530,Failed
113,h5368,,0.6829526620584099,114,h530,Failed
113,h5580,,0.7956436350923387,114,h531,Passed
113,h1333,,0.7493883145420122,114,h532,Passed
113,h2350,,0.61092784372631,114,h532,Passed
113,h3368,,0.7202053526762764,114,h532,Passed
113,h3712,,0.5090166250800546,114,h532,Passed
113,h3999,,0.8138937152721982,114,h532,Passed
113,h5122,,0.5311412178386461,114,h532,Passed
113,h515,Passed,0.6552166525027177,114,h532,Passed
113,h517,Passed,0.9959389817679412,114,h532,Passed
113,h5173,,0.6848403031506881,114,h532,Passed
113,h5229,,0.5921403176278418,114,h532,Passed
113,h5323,,0.5960381386669114,114,h532,Passed
113,h4002,,0.9059991607758998,114,h533,Passed
113,h4206,,0.9946116454394652,114,h534,Passed
113,h111,Failed,0.9843271294779404,114,h535,Passed
113,h3171,,0.8810747344694019,114,h536,Passed
113,h3308,,0.743951106211448,114,h537,Passed
113,h3420,,0.9551735509793414,114,h537,Passed
113,h1226,,0.5172304556240415,114,h538,Passed
113,h1548,,0.9203800011344873,114,h538,Passed
113,h1965,,0.6408628511453979,114,h538,Passed
113,h4546,,0.5588736315120258,114,h538,Passed
113,h5671,,0.5857514770133103,114,h538,Passed
113,h1798,,0.7532056391849113,114,h539,Passed
113,h3120,,0.813084182688176,114,h539,Passed
113,h4395,,0.9177599385602574,114,h539,Passed
113,h5022,,0.6343786101313657,114,h539,Passed
113,h963,,0.706904419321373,114,h539,Passed
113,h4007,,0.8350363462682449,114,h54,Passed
113,h4024,,0.6100658231179633,114,h54,Passed
113,h68,Failed,0.6974730458387519,114,h54,Passed
113,h5212,,0.5106601663436421,114,h540,Passed
113,h5502,,0.753949512776782,114,h540,Passed
113,h2930,,0.9875078943146383,114,h541,Passed
113,h171,Failed,0.6704024075355232,114,h542,Passed
113,h741,,0.5867422886676965,114,h542,Passed
113,h920,,0.5184428115130991,114,h542,Passed
113,h1205,,0.5141917276417891,114,h543,Failed
113,h2165,,0.6474855250731214,114,h543,Failed
113,h2300,,0.6925440608266747,114,h543,Failed
113,h2688,,0.8421015164248654,114,h543,Failed
113,h2900,,0.8236960743504674,114,h543,Failed
113,h3121,,0.6616202169284325,114,h543,Failed
113,h3165,,0.7290422883150417,114,h543,Failed
113,h3355,,0.6569323474958221,114,h543,Failed
113,h3522,,0.5331905847129179,114,h543,Failed
113,h3622,,0.6494430621185425,114,h543,Failed
113,h5328,,0.5669785081391604,114,h543,Failed
113,h5453,,0.5175644052803821,114,h543,Failed
113,h762,,0.9976051906755987,114,h543,Failed
113,h4930,,0.9900433471875222,114,h546,Passed
113,h3965,,0.9764572106005599,114,h547,Passed
113,h5690,,0.5334012100903571,114,h547,Passed
113,h5423,,0.9234947942065754,114,h548,Passed
113,h5422,,0.9460656216017894,114,h549,Failed
113,h2434,,0.9482387913447506,114,h55,Passed
113,h3070,,0.5080493265632382,114,h55,Passed
113,h3381,,0.6329689231157869,114,h55,Passed
113,h3779,,0.540792331027887,114,h55,Passed
113,h3855,,0.5205306285088079,114,h55,Passed
113,h3881,,0.5656895847192887,114,h55,Passed
113,h4291,,0.5461286955760026,114,h55,Passed
113,h4661,,0.6383291851564368,114,h55,Passed
113,h4681,,0.7757217827835067,114,h55,Passed
113,h4747,,0.5309514732443041,114,h55,Passed
113,h4959,,0.9860136961273293,114,h550,Passed
113,h4136,,0.9536434913383759,114,h551,Passed
113,h5661,,0.7315680175033911,114,h551,Passed
113,h1196,,0.5262858445609928,114,h552,Failed
113,h2793,,0.6365813845868555,114,h552,Failed
113,h3100,,0.5587080721697736,114,h552,Failed
113,h345,Failed,0.9869672971172161,114,h552,Failed
113,h603,Failed,0.5352366247856032,114,h552,Failed
113,h3977,,0.8442127189369442,114,h553,Passed
113,h5477,,0.8397324740902447,114,h553,Passed
113,h3977,,0.6951796175518543,114,h554,Passed
113,h5477,,0.9791500218198653,114,h554,Passed
113,h3731,,0.9209328380300422,114,h555,Passed
113,h3426,,0.9208473273310755,114,h556,Passed
113,h2117,,0.5834382225647333,114,h557,Passed
113,h4376,,0.9911151962746211,114,h557,Passed
113,h5875,,0.7343448334932356,114,h557,Passed
113,h2103,,0.9712178896466548,114,h559,Passed
113,h5390,,0.988009438271563,114,h56,Passed
113,h383,Agreed to,0.9481264005072975,114,h560,Passed
113,h5678,,0.5862023154872333,114,h561,Passed
113,h1936,,0.9802754006621375,114,h563,Passed
113,h1308,,0.9918318053943851,114,h564,Passed
113,h1089,,0.9593522050275493,114,h565,
113,h1090,,0.6516377970689002,114,h565,
113,h1243,,0.6168317876276314,114,h565,
113,h1343,,0.6359698602319771,114,h565,
113,h1353,,0.6419459969422053,114,h565,
113,h2159,,0.6282560617157795,114,h565,
113,h2334,,0.5905458198565445,114,h565,
113,h2426,,0.6147727698425479,114,h565,
113,h2587,,0.566034371695421,114,h565,
113,h2592,,0.8634514462955553,114,h565,
113,h3568,,0.5189228776565361,114,h565,
113,h3690,,0.5981566065937185,114,h565,
113,h4159,,0.5831541024592044,114,h565,
113,h4186,,0.5050603346542455,114,h565,
113,h4828,,0.7060221235733788,114,h565,
113,h4833,,0.5191803019656862,114,h565,
113,h4973,,0.6318806125525595,114,h565,
113,h5031,,0.5714523347121463,114,h565,
113,h3325,,0.9945421629376164,114,h566,
113,h521,Passed,0.5094481176469202,114,h566,
113,h2594,,0.7052249005874686,114,h567,
113,h442,Passed,0.8022512417894918,114,h567,
113,h4801,,0.8985013694424374,114,h568,
113,h1011,,0.9348774444818125,114,h569,
113,h1165,,0.5389839502186735,114,h569,
113,h2231,,0.5430420160969069,114,h569,
113,h2265,,0.5444302736756202,114,h569,
113,h2486,,0.5731842845264962,114,h569,
113,h2784,,0.5602161008753219,114,h569,
113,h4899,,0.5112176476867293,114,h569,
113,h787,,0.5150890930715447,114,h569,
113,h1692,,0.607035595969,114,h57,Failed
113,h4112,,0.9943340498068595,114,h57,Failed
113,h5054,,0.5440759639823382,114,h571,
113,h1134,,0.5127963514431403,114,h572,
113,h241,Passed,0.5170579953066465,114,h572,
113,h2412,,0.5728438155392136,114,h572,
113,h3858,,0.5814284008310272,114,h572,
113,h4760,,0.5841535636708539,114,h572,
113,h4810,,0.7138451599767942,114,h572,
113,h4841,,0.6264057921222942,114,h572,
113,h4898,,0.5697110665800391,114,h572,
113,h5131,,0.6720182963253565,114,h572,
113,h5117,,0.9440431930800434,114,h573,
113,h5266,,0.73179427916031,114,h573,
113,h3901,,0.9292456527274802,114,h574,
113,h3087,,0.5229144336737549,114,h575,
113,h5254,,0.7875962369366949,114,h575,
113,h5186,,0.9651355922092874,114,h576,
113,h2412,,0.5550136444259353,114,h577,
113,h3858,,0.551550100394851,114,h577,
113,h4760,,0.5676969199093288,114,h577,
113,h4810,,0.6907466942964842,114,h577,
113,h4841,,0.6002970250579142,114,h577,
113,h4898,,0.5498492916034651,114,h577,
113,h5131,,0.6492153231148453,114,h577,
113,h2046,,0.8659374057554398,114,h578,
113,h5192,,0.9631710635501131,114,h579,
113,h1013,,0.7724409599138448,114,h58,Passed
113,h56,Passed,0.9412489445958047,114,h58,Passed
113,h57,Passed,0.9424518723980106,114,h58,Passed
113,h58,Passed,0.9601876101518125,114,h58,Passed
113,h59,Passed,0.9369861126138005,114,h58,Passed
113,h4400,,0.9979576712460695,114,h580,
113,h4711,,0.5518789049589486,114,h580,
113,h1004,,0.8421972882758011,114,h581,
113,h1349,,0.8443790063477163,114,h581,
113,h1785,,0.6895697359250652,114,h581,
113,h2254,,0.7822672350712435,114,h581,
113,h2360,,0.539521769920283,114,h581,
113,h3185,,0.8063516987382238,114,h581,
113,h445,Failed,0.9981309351837201,114,h581,
113,h5038,,0.8625217345088556,114,h581,
113,h5371,,0.7291691996338213,114,h581,
113,h89,Failed,0.8347628030009963,114,h581,
113,h3113,,0.9889662551473488,114,h582,
113,h2602,,0.9882121444415373,114,h583,
113,h151,Passed,0.9582354212269291,114,h584,
113,h178,Passed,0.9653159039481541,114,h584,
113,h423,Agreed to,0.927435117127811,114,h584,
113,h52,Agreed to,0.907650650397583,114,h584,
113,h1314,,0.9904092756195997,114,h585,
113,h1493,,0.632469871265355,114,h585,
113,h4324,,0.559647677678027,114,h585,
113,h530,Failed,0.9754383077794792,114,h586,
113,h1041,,0.9963610720608264,114,h587,
113,h3490,,0.5128789533779518,114,h587,
113,h4965,,0.5241454823461544,114,h587,
113,h2453,,0.9402696958311342,114,h588,
113,h3512,,0.5071536976565176,114,h588,
113,h4211,,0.527743158678273,114,h588,
113,h3894,,0.7597615491754787,114,h589,
113,h5550,,0.9134220911406122,114,h59,Passed
113,h5858,,0.9831042037550435,114,h59,Passed
113,h5128,,0.9904199614968165,114,h590,
113,h4190,,0.9502545046616996,114,h592,
113,h5078,,0.8934056273293437,114,h594,
113,h4981,,0.9728931751134364,114,h595,
113,h132,Passed,0.6802766829078418,114,h596,
113,h45,Failed,0.7381048389322283,114,h596,
113,h2263,,0.5466824011314033,114,h597,
113,h2553,,0.5447464106144708,114,h597,
113,h4271,,0.6740716611203614,114,h597,
113,h4522,,0.5696720829620937,114,h597,
113,h5424,,0.7354753427378953,114,h597,
113,h1423,,0.5611870281997255,114,h598,
113,h3865,,0.8114669877677619,114,h599,
113,h1640,,0.6731953318740117,114,h60,Passed
113,h4500,,0.6321651075128734,114,h60,Passed
113,h2921,,0.9619138269170898,114,h600,
113,h749,,0.6965014072144818,114,h601,
113,h1653,,0.9930046670014175,114,h602,
113,h1905,,0.5389134600854598,114,h602,
113,h2366,,0.531799108444153,114,h602,
113,h2633,,0.5382659719387369,114,h602,
113,h2760,,0.5586187893411145,114,h602,
113,h2932,,0.5299266116806178,114,h602,
113,h3729,,0.5936732207259072,114,h602,
113,h3867,,0.6160178771222535,114,h602,
113,h627,Agreed to,0.5855182531552714,114,h602,
113,h1517,,0.8793276343499243,114,h603,
113,h370,Passed,0.987075775173171,114,h603,
113,h15,Passed,0.5245963054620758,114,h604,
113,h2131,,0.5771757844924174,114,h604,
113,h477,Passed,0.9785601511107811,114,h604,
113,h5435,,0.9944313999499791,114,h605,
113,h5767,,0.871666713804058,114,h606,
113,h1357,,0.7848271511419855,114,h607,
113,h4149,,0.9303845751523246,114,h607,
113,h562,Failed,0.6462431004217071,114,h607,
113,h1084,,0.9969992756950847,114,h608,
113,h305,Failed,0.5870538071683373,114,h608,
113,h2248,,0.5065103725608799,114,h609,
113,h2404,,0.5649255212570152,114,h609,
113,h3495,,0.5256670217544495,114,h609,
113,h5238,,0.8638909963650218,114,h61,Failed
113,h2283,,0.5142269210105794,114,h611,
113,h2744,,0.5346562062746097,114,h611,
113,h3610,,0.5005023371165314,114,h611,
113,h4703,,0.7351803200290683,114,h611,
113,h5044,,0.5294784597585983,114,h611,
113,h5081,,0.560559892141609,114,h611,
113,h5135,,0.5399795550726384,114,h611,
113,h898,,0.6325957849909774,114,h611,
113,h946,,0.7269414101299025,114,h612,
113,h2187,,0.9812090670552225,114,h613,
113,h3146,,0.5473184016304566,114,h614,
113,h5152,,0.6917098686385549,114,h614,
113,h4289,,0.977106247519477,114,h615,
113,h15,Passed,0.5286729980636268,114,h616,
113,h2131,,0.6480176540967647,114,h616,
113,h4178,,0.8891024530873318,114,h616,
113,h4659,,0.5626712207707336,114,h616,
113,h2031,,0.594358238659937,114,h617,
113,h2301,,0.9649036951084782,114,h617,
113,h4000,,0.5164526122714277,114,h618,
113,h4773,,0.9939277730918433,114,h618,
113,h146,Failed,0.9856159323012798,114,h619,
113,h4221,,0.9946648528317129,114,h619,
113,h76,Failed,0.9772675884969977,114,h62,Failed
113,h5662,,0.9692006800495765,114,h620,
113,h1251,,0.9819035123829827,114,h621,
113,h5589,,0.5271554204896399,114,h621,
113,h2854,,0.5945339332137396,114,h622,
113,h4263,,0.9337421158119482,114,h623,
113,h4907,,0.5398910074135692,114,h624,
113,h5379,,0.5169514657335397,114,h624,
113,h1,Passed,0.6152929891274714,114,h625,
113,h1555,,0.5565322556114964,114,h625,
113,h3666,,0.6267078769413976,114,h625,
113,h5443,,0.6158836435314576,114,h625,
113,h5857,,0.9907505314833083,114,h625,
113,h694,,0.6145410087736972,114,h625,
113,h2753,,0.5443740689616953,114,h626,
113,h4201,,0.9429040349996343,114,h626,
113,h897,,0.7389708676300519,114,h627,
113,h4453,,0.7295177234679147,114,h629,
113,h4424,,0.9756783247452873,114,h63,Failed
113,h898,,0.5647058549400487,114,h63,Failed
113,h4454,,0.806192597227669,114,h630,
113,h1814,,0.511398667260208,114,h631,
113,h4693,,0.9870061344864663,114,h632,
113,h1917,,0.6555310039150044,114,h634,
113,h214,Agreed to,0.6951304556693922,114,h634,
113,h871,,0.9397184656691848,114,h634,
113,h872,,0.6782652225971655,114,h634,
113,h873,,0.6510817059755367,114,h634,
113,h1917,,0.5993076416330574,114,h635,
113,h214,Agreed to,0.6400357173460406,114,h635,
113,h871,,0.6336017888270878,114,h635,
113,h872,,0.621946778648347,114,h635,
113,h873,,0.9853797980795164,114,h635,
113,h4453,,0.5621418879144927,114,h636,
113,h4457,,0.6399683136995283,114,h636,
113,h3944,,0.5525734882462916,114,h637,
113,h4619,,0.7218095225230751,114,h637,
113,h4299,,0.7351970700916651,114,h639,
113,h5536,,0.9809539659509534,114,h64,Passed
113,h5538,,0.6513029051634778,114,h64,Passed
113,h4691,,0.7855890570491267,114,h640,
113,h2714,,0.546929330174776,114,h641,
113,h4719,,0.6038650189636334,114,h641,
113,h4721,,0.7986164644292737,114,h641,
113,h5806,,0.654188024719802,114,h641,
113,h2974,,0.9453732332174521,114,h642,
113,h3775,,0.5308831351142368,114,h642,
113,h4344,,0.572041376847382,114,h642,
113,h4151,,0.9658288056865257,114,h643,
113,h2714,,0.5707263133386373,114,h644,
113,h2945,,0.7428561694742388,114,h644,
113,h4719,,0.9196277190197014,114,h644,
113,h4721,,0.6855337880494183,114,h644,
113,h5806,,0.9114483287750933,114,h644,
113,h4815,,0.9199871941433028,114,h645,
113,h2197,,0.502397109604752,114,h646,
113,h2555,,0.9909268478480542,114,h646,
113,h2660,,0.680121916070264,114,h647,
113,h4080,,0.5165237513187008,114,h647,
113,h4181,,0.6643537125730942,114,h647,
113,h4080,,0.9189494896344307,114,h648,
113,h1330,,0.6807343204424078,114,h649,
113,h1716,,0.6156211288339517,114,h649,
113,h1872,,0.5125619395017948,114,h649,
113,h1946,,0.5430494018623121,114,h649,
113,h2881,,0.5411072009495043,114,h649,
113,h3047,,0.9352105102831397,114,h649,
113,h3892,,0.5286894209342926,114,h649,
113,h4582,,0.6875268502849048,114,h649,
113,h4622,,0.6687245763056795,114,h649,
113,h4984,,0.5334541639975705,114,h649,
113,h2434,,0.9575331289043735,114,h65,Failed
113,h3070,,0.5097264868786322,114,h65,Failed
113,h3381,,0.6372158815072553,114,h65,Failed
113,h3779,,0.542578773119416,114,h65,Failed
113,h3855,,0.5265883492792366,114,h65,Failed
113,h3881,,0.567557089269075,114,h65,Failed
113,h4291,,0.5479331900737682,114,h65,Failed
113,h4661,,0.6424730055078578,114,h65,Failed
113,h4681,,0.778794729074141,114,h65,Failed
113,h4747,,0.53270513680616,114,h65,Failed
113,h1779,,0.8682098711755548,114,h650,
113,h3872,,0.7142417463360793,114,h652,
113,h1211,,0.9291693258014784,114,h653,
113,h4938,,0.554518229436334,114,h654,
113,h2649,,0.9442817014400752,114,h655,
113,h1312,,0.9289655854415808,114,h656,
113,h983,,0.9943171967905204,114,h656,
113,h4911,,0.9030083935601717,114,h657,
113,h1824,,0.8847445589655559,114,h658,
113,h4256,,0.5210152247558061,114,h659,
113,h4866,,0.9809065304341043,114,h659,
113,h2399,,0.6240658898204134,114,h66,Failed
113,h2440,,0.9912185144151908,114,h66,Failed
113,h2475,,0.9781620355239327,114,h66,Failed
113,h2818,,0.5078282381783079,114,h66,Failed
113,h3070,,0.500677970143171,114,h66,Failed
113,h3103,,0.7124555007910558,114,h66,Failed
113,h3159,,0.5841624505374828,114,h66,Failed
113,h3195,,0.5831301461245242,114,h66,Failed
113,h3361,,0.5022921242170998,114,h66,Failed
113,h3756,,0.6533968975446846,114,h66,Failed
113,h3881,,0.5304366841576242,114,h66,Failed
113,h3920,,0.5031487831759254,114,h66,Failed
113,h4291,,0.5515333407832795,114,h66,Failed
113,h887,,0.7479346982207082,114,h661,
113,h792,,0.9683569825940473,114,h662,
113,h1787,,0.7051822329131641,114,h663,
113,h1917,,0.6582849292302783,114,h664,
113,h214,Agreed to,0.6784039221050269,114,h664,
113,h871,,0.8205277691242023,114,h664,
113,h872,,0.676357626958649,114,h664,
113,h873,,0.6182347506439371,114,h664,
113,h4701,,0.6259451614062804,114,h665,
113,h610,Failed,0.9536710066635012,114,h665,
113,h611,Passed,0.7431322092738187,114,h665,
113,h4349,,0.5080260627188926,114,h666,
113,h5814,,0.8900073628424434,114,h666,
113,h5762,,0.8981756530775251,114,h667,
113,h642,Passed,0.9075939363358231,114,h668,
113,h5080,,0.8202447645072177,114,h669,
113,h393,Agreed to,0.5053985011253116,114,h67,Failed
113,h5536,,0.6546150019140516,114,h67,Failed
113,h5538,,0.9652276194498502,114,h67,Failed
113,h2123,,0.9017841576874959,114,h670,
113,h4041,,0.9780221792703548,114,h671,
113,h4780,,0.8679236696863211,114,h672,
113,h308,Failed,0.5631517866503243,114,h673,
113,h325,Failed,0.647721818542167,114,h673,
113,h3887,,0.9623460702613889,114,h673,
113,h4043,,0.8977086978407274,114,h673,
113,h522,Passed,0.5249249930516572,114,h673,
113,h2066,,0.9786774999134281,114,h674,
113,h4095,,0.9543578159186796,114,h675,
113,h4096,,0.8999078395191268,114,h675,
113,h569,Passed,0.9641334357485759,114,h675,
113,h570,Passed,0.8717199283800902,114,h675,
113,h1200,,0.5667452837388808,114,h676,
113,h676,,0.9966702926077092,114,h676,
113,h4095,,0.8919042760747361,114,h677,
113,h4096,,0.9638099965804862,114,h677,
113,h569,Passed,0.9010401756106688,114,h677,
113,h570,Passed,0.9331214347582548,114,h677,
113,h5303,,0.948645520029785,114,h678,
113,h3638,,0.9209483349248098,114,h679,
113,h2370,,0.6129137881716513,114,h68,Passed
113,h2585,,0.9605989822143077,114,h68,Passed
113,h3486,,0.5162765845301758,114,h680,
113,h3636,,0.9594403957872508,114,h680,
113,h2139,,0.9817924428525356,114,h681,
113,h1215,,0.5360457065574217,114,h682,
113,h2259,,0.5086434087075757,114,h682,
113,h132,Passed,0.6119499436016655,114,h683,
113,h1993,,0.7695899874906884,114,h683,
113,h45,Failed,0.5096985324429678,114,h683,
113,h1278,,0.9817448712053956,114,h684,
113,h1077,,0.8727000636639507,114,h685,
113,h3211,,0.8850300282470701,114,h685,
113,h2274,,0.9767979430409549,114,h686,
113,h5405,,0.5659461760772263,114,h686,
113,h150,Passed,0.5189847878384056,114,h688,
113,h398,Failed,0.8813843847462457,114,h688,
113,h3035,,0.9707169727180712,114,h689,
113,h60,Passed,0.6218678890748064,114,h69,Passed
113,h5801,,0.8657484608174901,114,h690,
113,h3306,,0.5126321765791715,114,h691,
113,h3750,,0.9943446173173615,114,h691,
113,h807,,0.688341851149907,114,h692,
113,h1004,,0.776532158599524,114,h693,
113,h1349,,0.8309532679875291,114,h693,
113,h1785,,0.7091815529024508,114,h693,
113,h2254,,0.817794252644161,114,h693,
113,h3185,,0.7541547836293659,114,h693,
113,h445,Failed,0.8106820322628541,114,h693,
113,h5038,,0.8665641728990147,114,h693,
113,h5371,,0.5940396991831411,114,h693,
113,h89,Failed,0.8535177577226201,114,h693,
113,h5707,,0.632764710307183,114,h694,
113,h5710,,0.7517693597069477,114,h694,
113,h5746,,0.5958392047879936,114,h694,
113,h5804,,0.9733519294923976,114,h694,
113,h1526,,0.5076425256132578,114,h695,
113,h1895,,0.5643786969569089,114,h695,
113,h818,,0.96924072394468,114,h695,
113,h800,,0.905852284262325,114,h696,
113,h39,Failed,0.5269243399443033,114,h697,
113,h5052,,0.5131871460065035,114,h697,
113,h5454,,0.7809020734862695,114,h697,
113,h5886,,0.9934605748292052,114,h697,
113,h1847,,0.9650492434191279,114,h699,
113,h1852,,0.9675994089287059,114,h699,
113,h217,Passed,0.5600121886599436,114,h7,Passed
113,h3279,,0.5314519912112176,114,h7,Passed
113,h346,Failed,0.5946671294718892,114,h7,Passed
113,h3471,,0.566774977938546,114,h7,Passed
113,h3932,,0.9960819519121752,114,h7,Passed
113,h61,Passed,0.5852805487757514,114,h7,Passed
113,h7,Failed,0.9988588140682906,114,h7,Passed
113,h2231,,0.5494257762863871,114,h70,Passed
113,h2784,,0.5341137912524789,114,h70,Passed
113,h4899,,0.5504882466099921,114,h70,Passed
113,h70,Failed,0.997554211355808,114,h70,Passed
113,h1698,,0.9766861790836726,114,h700,
113,h173,Failed,0.531176974802904,114,h700,
113,h2006,,0.746647463693385,114,h701,
113,h4349,,0.5150536159073574,114,h702,
113,h5814,,0.9023328630770471,114,h702,
113,h1461,,0.6099177836791891,114,h703,
113,h1462,,0.9867813298683086,114,h704,
113,h1469,,0.6066266180010388,114,h704,
113,h1482,,0.7107185264853496,114,h704,
113,h4849,,0.7717042850682831,114,h704,
113,h550,Passed,0.8071862269759021,114,h704,
113,h796,,0.7374781051913204,114,h704,
113,h1695,,0.9038128870650646,114,h706,
113,h4301,,0.9704496210461976,114,h707,
113,h2565,,0.5067278641829019,114,h709,
113,h62,Passed,0.9656839006985694,114,h71,Passed
113,h3202,,0.9625591292207377,114,h710,
113,h5697,,0.9923361012415186,114,h711,
113,h1314,,0.6346121351088407,114,h712,
113,h1493,,0.995997984624087,114,h712,
113,h4324,,0.5838698717494196,114,h712,
113,h1674,,0.5730581392983626,114,h713,
113,h556,Passed,0.6417956618508066,114,h713,
113,h465,Passed,0.9249108635953343,114,h714,
113,h4673,,0.6730896119005664,114,h714,
113,h598,Failed,0.9697913278907916,114,h715,
113,h1984,,0.5675562677378041,114,h716,
113,h3295,,0.5247935006089208,114,h716,
113,h3404,,0.8538092229085681,114,h716,
113,h3680,,0.5397222875815801,114,h716,
113,h5145,,0.9779296514194357,114,h716,
113,h80,Passed,0.6484285565834326,114,h716,
113,h5343,,0.8629153505017993,114,h717,
113,h2184,,0.5754045378744463,114,h718,
113,h2195,,0.5119351165122265,114,h718,
113,h2237,,0.5940019811554968,114,h718,
113,h3122,,0.5856830172200265,114,h718,
113,h3873,,0.9961805662025188,114,h718,
113,h5168,,0.6506806703086739,114,h718,
113,h4803,,0.9618511512515892,114,h719,
113,h1007,,0.6036657257717145,114,h72,Passed
113,h4108,,0.9844091017617819,114,h72,Passed
113,h4802,,0.963203002066253,114,h720,
113,h3551,,0.5062637009542992,114,h721,
113,h721,,0.9909413363669278,114,h721,
113,h2579,,0.9675131144026133,114,h722,
113,h2879,,0.8867630001702164,114,h722,
113,h558,Passed,0.8626839718562602,114,h723,
113,h4406,,0.8468771300196306,114,h724,
113,h782,,0.7367466366470098,114,h725,
113,h5800,,0.8470245709577351,114,h726,
113,h2000,,0.8452453051078408,114,h727,
113,h3749,,0.9444044591645142,114,h729,
113,h3975,,0.6099765595307157,114,h729,
113,h5540,,0.9875759201754958,114,h73,Passed
113,h3816,,0.9668921772038513,114,h730,
113,h603,Failed,0.5050155068058796,114,h730,
113,h2910,,0.5129355247952996,114,h731,
113,h3717,,0.633400297851986,114,h731,
113,h401,Failed,0.9338430713572794,114,h731,
113,h4574,,0.6209924407741837,114,h731,
113,h4783,,0.655141206378762,114,h731,
113,h2119,,0.9125280237601952,114,h732,
113,h4006,,0.8947287076733622,114,h733,
113,h2844,,0.9708091349456537,114,h734,
113,h1917,,0.8611465970610261,114,h735,
113,h214,Agreed to,0.9895912710465045,114,h735,
113,h871,,0.7023855462970261,114,h735,
113,h872,,0.9448352516879482,114,h735,
113,h873,,0.6624813351173983,114,h735,
113,h209,Passed,0.992898603647336,114,h736,
113,h213,Failed,0.996614280423579,114,h737,
113,h215,Agreed to,0.978890861729159,114,h738,
113,h212,Failed,0.9356033708290051,114,h739,
113,h5535,,0.9918377549304701,114,h74,Failed
113,h407,Passed,0.9931207060993114,114,h740,
113,h216,Agreed to,0.9933718087021082,114,h741,
113,h5524,,0.9933951401329534,114,h742,
113,h728,,0.502071172495026,114,h742,
113,h2201,,0.5814692291051118,114,h743,
113,h5460,,0.9910544266737561,114,h745,
113,h4391,,0.9976296621406241,114,h747,
113,h5784,,0.9242999987014695,114,h748,
113,h1539,,0.5223780174871581,114,h749,
113,h1544,,0.5326236295621852,114,h749,
113,h5449,,0.9932661348796267,114,h749,
113,h223,Failed,0.73012054684509,114,h75,Passed
113,h2490,,0.9667495124254761,114,h75,Passed
113,h2756,,0.6258845286796254,114,h75,Passed
113,h2758,,0.6859050710937579,114,h75,Passed
113,h278,Failed,0.7298756798963113,114,h75,Passed
113,h2978,,0.6286248090550552,114,h75,Passed
113,h337,Failed,0.6379535498947496,114,h75,Passed
113,h1618,,0.5399984264095348,114,h750,
113,h3497,,0.614121197808882,114,h750,
113,h5258,,0.6539286480114138,114,h750,
113,h5509,,0.5540800755901918,114,h750,
113,h5752,,0.9356103787857781,114,h751,
113,h138,Failed,0.8864610978541735,114,h752,
113,h3708,,0.5611869347905357,114,h753,
113,h5312,,0.9722041424078446,114,h753,
113,h5337,,0.5084311250387582,114,h753,
113,h2658,,0.9951989479373561,114,h754,
113,h2089,,0.9433947741837572,114,h755,
113,h4008,,0.5861598028844355,114,h755,
113,h4092,,0.829504116860607,114,h756,
113,h1771,,0.9845267298007105,114,h757,
113,h673,,0.7422325681451635,114,h757,
113,h893,,0.5536128896521223,114,h757,
113,h2655,,0.7334279748322243,114,h758,
113,h2656,,0.9968477363069204,114,h759,
113,h4110,,0.9886932934135796,114,h76,Passed
113,h2984,,0.9611026611272715,114,h760,
113,h1025,,0.5717624950635256,114,h761,
113,h1348,,0.7019948672984578,114,h761,
113,h1411,,0.6636931275843156,114,h761,
113,h5164,,0.5593281151209721,114,h761,
113,h995,,0.6891903749420256,114,h761,
113,h3046,,0.7436338258098649,114,h762,
113,h4128,,0.7852757908634462,114,h762,
113,h4244,,0.6384188929744509,114,h762,
113,h1134,,0.6028852305519538,114,h763,
113,h3056,,0.64147887355464,114,h763,
113,h3493,,0.537816240309311,114,h763,
113,h3516,,0.6639660582451067,114,h763,
113,h3743,,0.5243886652886715,114,h763,
113,h385,Failed,0.5053677831050812,114,h763,
113,h3858,,0.5271355217806045,114,h763,
113,h3958,,0.5167749825870327,114,h763,
113,h4234,,0.517794012046675,114,h763,
113,h4759,,0.9509637131101443,114,h763,
113,h4810,,0.5023437265949149,114,h763,
113,h5022,,0.5413555990029684,114,h763,
113,h5059,,0.624791691059175,114,h763,
113,h5131,,0.5580416718344693,114,h763,
113,h5618,,0.5143033752803182,114,h763,
113,h3467,,0.9873282822378039,114,h764,
113,h3830,,0.5800185821070621,114,h764,
113,h3948,,0.517459110795188,114,h765,
113,h4212,,0.9361423879623549,114,h765,
113,h4940,,0.7525169498553221,114,h765,
113,h5758,,0.9200797523058906,114,h766,
113,h1918,,0.7434550906538387,114,h767,
113,h494,Failed,0.7131843614611182,114,h767,
113,h895,,0.9957734004711233,114,h768,
113,h2443,,0.6696282761878255,114,h769,
113,h4775,,0.9036049607581351,114,h769,
113,h4990,,0.776336380444662,114,h77,Passed
113,h2296,,0.7632549618999815,114,h770,
113,h2378,,0.9962122007540655,114,h770,
113,h4826,,0.5002194761268041,114,h770,
113,h5,Passed,0.5782132981817814,114,h770,
113,h5611,,0.5072815673158118,114,h770,
113,h5808,,0.9945837137962713,114,h771,
113,h5312,,0.5428667372841072,114,h772,
113,h5337,,0.9932199925185659,114,h772,
113,h69,Passed,0.899254460568084,114,h774,
113,h713,,0.6049754605312657,114,h775,
113,h3776,,0.9793710353386079,114,h776,
113,h5724,,0.7496136327900446,114,h777,
113,h467,Passed,0.9746854671115046,114,h778,
113,h907,,0.9731806234552859,114,h779,
113,h3888,,0.9553818381892771,114,h78,Passed
113,h2716,,0.9477326150148939,114,h780,
113,h5178,,0.5121143037199657,114,h780,
113,h4736,,0.5574885107044829,114,h781,
113,h474,Passed,0.9734351093028123,114,h781,
113,h1478,,0.5422252968808962,114,h782,
113,h729,,0.6634871316566743,114,h782,
113,h773,,0.721977733549597,114,h782,
113,h900,,0.8232894665074127,114,h782,
113,h2459,,0.7793966978280586,114,h784,
113,h1555,,0.6284129387181018,114,h785,
113,h3793,,0.635431240793412,114,h785,
113,h4679,,0.7453041086687181,114,h785,
113,h4985,,0.7085021921669652,114,h785,
113,h5278,,0.583739448076853,114,h785,
113,h5338,,0.9931648564510137,114,h785,
113,h694,,0.5542957995824952,114,h785,
113,h5588,,0.8272140340091935,114,h787,
113,h2862,,0.8235417114998619,114,h788,
113,h4701,,0.9765966478677506,114,h789,
113,h610,Failed,0.5755219230780053,114,h789,
113,h611,Passed,0.8612841717837019,114,h789,
113,h5890,,0.9763333917180937,114,h79,Failed
113,h4475,,0.9859933406235284,114,h790,
113,h5854,,0.9126524437621181,114,h790,
113,h1730,,0.7484898476053957,114,h791,
113,h210,Failed,0.5271131153016889,114,h791,
113,h4048,,0.5649660934607296,114,h791,
113,h4065,,0.7819123478194981,114,h791,
113,h4952,,0.9780545808428905,114,h791,
113,h1021,,0.6735982949311391,114,h792,
113,h4423,,0.9227580707276017,114,h792,
113,h1188,,0.5754137688629697,114,h793,
113,h4577,,0.967363547694508,114,h793,
113,h1089,,0.5330522389773948,114,h794,
113,h1090,,0.559782732266382,114,h794,
113,h2334,,0.5176596833937579,114,h794,
113,h2592,,0.5415299347809619,114,h794,
113,h4828,,0.5868887660632008,114,h794,
113,h4973,,0.5474055726037454,114,h794,
113,h5031,,0.5488963816706411,114,h794,
113,h5704,,0.744942640258146,114,h794,
113,h1484,,0.989101452774709,114,h795,
113,h135,Passed,0.5188639210584606,114,h796,
113,h1540,,0.9771771274713574,114,h796,
113,h4266,,0.9760445820441419,114,h796,
113,h1262,,0.5977864004140274,114,h798,
113,h2868,,0.5647346578953516,114,h798,
113,h5876,,0.9542073907061743,114,h798,
113,h637,Passed,0.5136889794701963,114,h798,
113,h3022,,0.5033203408672582,114,h799,
113,h4736,,0.9526408694254782,114,h799,
113,h474,Passed,0.5880911760270511,114,h799,
113,h4886,,0.516843003584744,114,h799,
113,h84,Failed,0.9962946480954915,114,h80,Passed
113,h4616,,0.8437440573384762,114,h800,
113,h171,Failed,0.5809195742780142,114,h802,
113,h741,,0.9846375358223804,114,h802,
113,h921,,0.6474090960118036,114,h802,
113,h3471,,0.5890606641126366,114,h803,
113,h3601,,0.7397681667473465,114,h803,
113,h732,,0.9926668348622695,114,h803,
113,h4418,,0.9906236767097033,114,h804,
113,h4342,,0.9736318878151303,114,h805,
113,h4367,,0.564443689611684,114,h805,
113,h3440,,0.9537282118480217,114,h807,
113,h2082,,0.9621078881351643,114,h808,
113,h682,,0.9876273388985787,114,h809,
113,h64,Passed,0.9913789425434311,114,h81,Failed
113,h1446,,0.5286800899996679,114,h810,
113,h2616,,0.6286232905654567,114,h810,
113,h2687,,0.939628212014264,114,h810,
113,h4412,,0.9983346659990804,114,h810,
113,h1066,,0.5054655668495419,114,h812,
113,h1226,,0.5946063611721207,114,h812,
113,h1548,,0.6001100863215736,114,h812,
113,h2718,,0.51920013335518,114,h812,
113,h279,Failed,0.5041712027624659,114,h812,
113,h409,Failed,0.8754479000097483,114,h812,
113,h4546,,0.6751415558229213,114,h812,
113,h5671,,0.6931597356493916,114,h812,
113,h3988,,0.9341344210313336,114,h813,
113,h2328,,0.9670185562098973,114,h815,
113,h1091,,0.8290588006231487,114,h816,
113,h2305,,0.9916150702679649,114,h818,
113,h2828,,0.5303601602864437,114,h818,
113,h1262,,0.5855058083142514,114,h819,
113,h2868,,0.5545881550683728,114,h819,
113,h637,Passed,0.5472811613014313,114,h819,
113,h3488,,0.5979303405888203,114,h82,Passed
113,h3575,,0.9674567782566251,114,h82,Passed
113,h1276,,0.9741749497070801,114,h820,
113,h5125,,0.9966614269487541,114,h821,
113,h5460,,0.6242411512610574,114,h822,
113,h1089,,0.7166999355893824,114,h823,
113,h1090,,0.6086080343290993,114,h823,
113,h1243,,0.5445234039884478,114,h823,
113,h1343,,0.5420733287361998,114,h823,
113,h1353,,0.6667840242258823,114,h823,
113,h2159,,0.5809743441645955,114,h823,
113,h2334,,0.5889009723961229,114,h823,
113,h2426,,0.9837392570792867,114,h823,
113,h2587,,0.6075452818011098,114,h823,
113,h2592,,0.6749698026644706,114,h823,
113,h3243,,0.5538025135918981,114,h823,
113,h3690,,0.5192131141970271,114,h823,
113,h4159,,0.5333019807301232,114,h823,
113,h4828,,0.6130238843499429,114,h823,
113,h4833,,0.6477935341152702,114,h823,
113,h4973,,0.5975204267516334,114,h823,
113,h5031,,0.6279625676071401,114,h823,
113,h5812,,0.5360091400599812,114,h823,
113,h2529,,0.5731631317686574,114,h824,
113,h3569,,0.6619193065378314,114,h824,
113,h3829,,0.9255265465955803,114,h824,
113,h683,,0.6785365115801351,114,h824,
113,h938,,0.5280506603611147,114,h825,
113,h1615,,0.9480297569072034,114,h826,
113,h4574,,0.5066593341278207,114,h826,
113,h1315,,0.9661662632583343,114,h827,
113,h2313,,0.5048358913551972,114,h828,
113,h3532,,0.6801716844017471,114,h829,
113,h5324,,0.9973038168336865,114,h829,
113,h2647,,0.5338400987530973,114,h830,
113,h3282,,0.8495866617158124,114,h830,
113,h1089,,0.5726260402973575,114,h831,
113,h1343,,0.528279756831291,114,h831,
113,h1353,,0.5264656435276275,114,h831,
113,h2592,,0.6124524777837413,114,h831,
113,h3690,,0.5924199129637768,114,h831,
113,h4828,,0.5989070505865475,114,h831,
113,h5217,,0.9934303541695413,114,h831,
113,h4150,,0.9561510735502715,114,h832,
113,h536,Passed,0.9952649209515726,114,h833,
113,h2933,,0.818762461480072,114,h834,
113,h4016,,0.9437171395189791,114,h835,
113,h36,Passed,0.9653776968281315,114,h836,
113,h2376,,0.9946632361620612,114,h837,
113,h776,,0.7655615878028741,114,h838,
113,h715,,0.968458576829575,114,h839,
113,h66,Passed,0.9786701486739884,114,h84,Passed
113,h1089,,0.5906255155678023,114,h840,
113,h1090,,0.5690311698295307,114,h840,
113,h1243,,0.5539966457597741,114,h840,
113,h1343,,0.6264416886619183,114,h840,
113,h1353,,0.580734473652808,114,h840,
113,h2159,,0.5610312762862698,114,h840,
113,h2587,,0.5745370967195345,114,h840,
113,h2592,,0.6437047432404506,114,h840,
113,h3690,,0.9860466267409411,114,h840,
113,h4161,,0.5514249951439755,114,h840,
113,h4828,,0.6743062259892412,114,h840,
113,h4833,,0.5538967798775192,114,h840,
113,h4973,,0.5201748899236849,114,h840,
113,h5217,,0.5080290069223691,114,h840,
113,h1292,,0.9856019612816987,114,h841,
113,h1015,,0.9780298648437261,114,h842,
113,h4689,,0.991350104135463,114,h844,
113,h3022,,0.5286169501434039,114,h845,
113,h4736,,0.5192312562604287,114,h845,
113,h474,Passed,0.523975370967451,114,h845,
113,h4886,,0.9924700065842055,114,h845,
113,h1652,,0.9515594270676171,114,h846,
113,h1755,,0.5236902585374601,114,h846,
113,h3433,,0.9931377333949677,114,h847,
113,h1334,,0.5432202887134866,114,h848,
113,h1514,,0.572980671722894,114,h848,
113,h1736,,0.620022998322056,114,h848,
113,h2172,,0.6714146184066198,114,h848,
113,h2173,,0.7451175811836694,114,h848,
113,h4269,,0.9984324675604731,114,h848,
113,h768,,0.7088993323099027,114,h848,
113,h5650,,0.9829102207072801,114,h849,
113,h2952,,0.5373909442039133,114,h85,Passed
113,h3696,,0.6020805489879684,114,h85,Passed
113,h1875,,0.9848623263653367,114,h850,
113,h4509,,0.8251897083286647,114,h850,
113,h5295,,0.8850936903094611,114,h853,
113,h1222,,0.9782236072673366,114,h854,
113,h4365,,0.8572467839955811,114,h855,
113,h5509,,0.5210369059747865,114,h855,
113,h1187,,0.5269787135921503,114,h856,
113,h145,Failed,0.5950759560608981,114,h856,
113,h1799,,0.7255559049946958,114,h856,
113,h2276,,0.9045963079389708,114,h856,
113,h2491,,0.5114292304941719,114,h856,
113,h2552,,0.6170619982659008,114,h856,
113,h2808,,0.6083718684020778,114,h856,
113,h433,Passed,0.7660934466864201,114,h856,
113,h4685,,0.5439056782376464,114,h856,
113,h5205,,0.7273667758335828,114,h856,
113,h5311,,0.5581470382325132,114,h856,
113,h5437,,0.5573182369049797,114,h856,
113,h560,Passed,0.6858589249226056,114,h856,
113,h5691,,0.5510073693204535,114,h856,
113,h696,,0.7142727558176973,114,h856,
113,h2517,,0.60751879266213,114,h858,
113,h2702,,0.5447953574629985,114,h858,
113,h2706,,0.9981217523648828,114,h858,
113,h2920,,0.5692734460357114,114,h858,
113,h1087,,0.5112399649986888,114,h859,
113,h2392,,0.9139145940023862,114,h859,
113,h133,Passed,0.8910011031276426,114,h86,Passed
113,h3446,,0.9472450945511125,114,h860,
113,h2217,,0.9489517200212018,114,h861,
113,h2609,,0.5165814524105846,114,h861,
113,h4660,,0.5863834632213811,114,h861,
113,h4923,,0.5259970813812902,114,h861,
113,h5016,,0.5898389141576578,114,h861,
113,h933,,0.5507102509986262,114,h861,
113,h5586,,0.9530444008449038,114,h862,
113,h5213,,0.9245249891302032,114,h863,
113,h2364,,0.5095547688887292,114,h864,
113,h312,Passed,0.829391615452417,114,h864,
113,h1733,,0.9660915292032428,114,h865,
113,h2511,,0.524689817536374,114,h866,
113,h4286,,0.5551488915469663,114,h866,
113,h2312,,0.9539500252869839,114,h867,
113,h3967,,0.5668526995412567,114,h867,
113,h4083,,0.659075397693152,114,h867,
113,h1971,,0.6022252538947006,114,h868,
113,h4101,,0.6049498849606163,114,h868,
113,h4682,,0.9659265482788615,114,h868,
113,h4567,,0.8345765255052465,114,h869,
113,h63,Passed,0.9884538183134072,114,h87,Passed
113,h5305,,0.7503198613667368,114,h870,
113,h3688,,0.764846124522073,114,h871,
113,h2190,,0.9957456347088939,114,h872,
113,h2991,,0.5116549915879518,114,h872,
113,h1616,,0.5621218696688275,114,h873,
113,h2126,,0.8845623671140158,114,h873,
113,h3820,,0.6073480552335729,114,h873,
113,h2495,,0.9796719751469531,114,h874,
113,h1108,,0.8140358097228675,114,h875,
113,h2872,,0.5078782549916901,114,h875,
113,h3753,,0.7227213521892277,114,h875,
113,h3846,,0.6145297804510234,114,h875,
113,h4303,,0.5126024281054877,114,h875,
113,h441,Passed,0.5792982246754653,114,h875,
113,h548,Passed,0.5100231334409636,114,h875,
113,h583,Passed,0.568150896808098,114,h875,
113,h5232,,0.9496934623667536,114,h876,
113,h4279,,0.9947411248284658,114,h877,
113,h1108,,0.6439295207412649,114,h878,
113,h1322,,0.5883829311034,114,h878,
113,h1536,,0.6080222838412176,114,h878,
113,h2220,,0.5172648024879472,114,h878,
113,h2872,,0.7236644013180464,114,h878,
113,h3753,,0.5831007018570399,114,h878,
113,h3846,,0.9801489303373676,114,h878,
113,h4303,,0.746114698909944,114,h878,
113,h441,Passed,0.6967311111722871,114,h878,
113,h4882,,0.5035903989053239,114,h878,
113,h5114,,0.5446227012028344,114,h878,
113,h5261,,0.5215210188269287,114,h878,
113,h547,Passed,0.5107019379183447,114,h878,
113,h548,Passed,0.5508436620393948,114,h878,
113,h583,Passed,0.548361191959905,114,h878,
113,h830,,0.5154561960669616,114,h878,
113,h67,Passed,0.8992094553284288,114,h88,Passed
113,h120,Failed,0.5114902609946842,114,h880,
113,h3428,,0.5349270597105914,114,h880,
113,h3537,,0.5179249070876033,114,h880,
113,h4438,,0.8981370438986624,114,h880,
113,h5417,,0.8250681108577627,114,h881,
113,h2702,,0.9911413479987817,114,h882,
113,h2706,,0.5117960068108224,114,h882,
113,h1108,,0.724343409335951,114,h883,
113,h2872,,0.5437069107956894,114,h883,
113,h3182,,0.5452926420516959,114,h883,
113,h3753,,0.9653470810061031,114,h883,
113,h3846,,0.5840892503575158,114,h883,
113,h4057,,0.5761251270568197,114,h883,
113,h4303,,0.5356401003358939,114,h883,
113,h548,Passed,0.5966075536176865,114,h883,
113,h583,Passed,0.6902735859488798,114,h883,
113,h3899,,0.988840354509459,114,h885,
113,h1331,,0.6085201874167129,114,h887,
113,h5556,,0.9772185958456475,114,h887,
113,h2266,,0.9773234072028008,114,h888,
113,h4292,,0.9059010249291047,114,h889,
113,h6,Passed,0.9803786875586651,114,h89,Failed
113,h1810,,0.6267829245452868,114,h890,
113,h187,Passed,0.7219686912687521,114,h890,
113,h2057,,0.6714766976938892,114,h890,
113,h2294,,0.5680676969744864,114,h890,
113,h277,Failed,0.5822708827628711,114,h890,
113,h3226,,0.6228371812132982,114,h890,
113,h3572,,0.7696519661053085,114,h890,
113,h4222,,0.7955489786438292,114,h890,
113,h4686,,0.6070534631758719,114,h890,
113,h5139,,0.9437368688967869,114,h890,
113,h945,,0.5459999015253612,114,h890,
113,h1905,,0.5739473579903294,114,h893,
113,h2366,,0.5985976861131728,114,h893,
113,h2633,,0.5371407622279692,114,h893,
113,h2760,,0.5746937931722765,114,h893,
113,h2866,,0.9915002791895948,114,h893,
113,h2932,,0.5327258082512465,114,h893,
113,h3729,,0.5967929811682607,114,h893,
113,h3867,,0.543436729225442,114,h893,
113,h627,Agreed to,0.5907237448920984,114,h893,
113,h712,,0.8699853650154625,114,h894,
113,h2287,,0.9972704406643284,114,h895,
113,h2937,,0.5434535010111743,114,h896,
113,h4854,,0.9004837446021737,114,h896,
113,h935,,0.9682426670519131,114,h897,
113,h2202,,0.8512874716643045,114,h898,
113,h3760,,0.5098747955873956,114,h898,
113,h5775,,0.6478130385706586,114,h898,
113,h2024,,0.7065110161994833,114,h9,Failed
113,h2605,,0.5254449467603404,114,h9,Failed
113,h2639,,0.7253959998597033,114,h9,Failed
113,h3309,,0.9987405383401927,114,h9,Failed
113,h3540,,0.6397517861279002,114,h9,Failed
113,h4287,,0.5490263263271453,114,h9,Failed
113,h5360,,0.5330352162445803,114,h9,Failed
113,h845,,0.536517209210272,114,h9,Failed
113,h1134,,0.5328680236721043,114,h90,Passed
113,h241,Passed,0.5007900388744094,114,h90,Passed
113,h4810,,0.5132835393475583,114,h90,Passed
113,h4841,,0.590024242392642,114,h90,Passed
113,h5131,,0.538993163621083,114,h90,Passed
113,h806,,0.7340210714757448,114,h90,Passed
113,h1348,,0.5249478323828143,114,h900,
113,h382,Failed,0.6217737293040724,114,h900,
113,h4988,,0.6023152163117048,114,h900,
113,h5628,,0.9315013157719766,114,h901,
113,h2116,,0.9803635026503494,114,h902,
113,h2320,,0.6157086140160238,114,h902,
113,h5287,,0.5495799742145829,114,h902,
113,h5365,,0.5224342050372324,114,h902,
113,h3795,,0.6761456317271841,114,h903,
113,h3811,,0.8439049158269013,114,h903,
113,h3075,,0.9920097704815894,114,h904,
113,h2202,,0.9878872347282969,114,h905,
113,h5775,,0.6138334859453488,114,h905,
113,h2126,,0.5313284540272343,114,h906,
113,h4066,,0.8989995858736586,114,h906,
113,h5648,,0.9674333396805841,114,h907,
113,h1411,,0.6047267558503682,114,h908,
113,h5805,,0.9370337585163675,114,h909,
113,h1598,,0.9759836181615102,114,h91,Passed
113,h1745,,0.8010229188112151,114,h911,
113,h1775,,0.8860453594907924,114,h911,
113,h2946,,0.5083339698914903,114,h911,
113,h526,Failed,0.990967090345894,114,h912,
113,h1699,,0.9751133278229331,114,h913,
113,h584,Passed,0.7729033934651944,114,h913,
113,h4999,,0.8583230290497833,114,h915,
113,h2355,,0.6139701750281468,114,h916,
113,h917,,0.9979696041409475,114,h917,
113,h1502,,0.9450821120859729,114,h918,
113,h3546,,0.5056269520677829,114,h918,
113,h3824,,0.5188519683093911,114,h918,
113,h3885,,0.6617341363599395,114,h918,
113,h3936,,0.5170137813255525,114,h918,
113,h4970,,0.5451919323222951,114,h918,
113,h5364,,0.988722610269516,114,h919,
113,h108,Failed,0.8671833344175001,114,h92,Passed
113,h167,Failed,0.9217795687731046,114,h92,Passed
113,h3382,,0.7615766737484158,114,h920,
113,h3722,,0.9810159165643715,114,h921,
113,h2541,,0.5327264356463083,114,h923,
113,h2959,,0.904229795651045,114,h923,
113,h578,Failed,0.9894996063295942,114,h923,
113,h448,Failed,0.8008277085337528,114,h924,
113,h145,Failed,0.6538706550266702,114,h925,
113,h1683,,0.5837518857098207,114,h925,
113,h1799,,0.5569643975737069,114,h925,
113,h2276,,0.6067821991627693,114,h925,
113,h2552,,0.5465697270512342,114,h925,
113,h2808,,0.6295026867302722,114,h925,
113,h3411,,0.5879163523070987,114,h925,
113,h433,Passed,0.7633542895876367,114,h925,
113,h5205,,0.8117634401041874,114,h925,
113,h5311,,0.5111246921525965,114,h925,
113,h560,Passed,0.5281783994652999,114,h925,
113,h5691,,0.5206928155219072,114,h925,
113,h696,,0.7301375759141367,114,h925,
113,h3647,,0.9232193102025318,114,h926,
113,h1893,,0.9953483137100034,114,h927,
113,h523,Agreed to,0.5707546851681877,114,h928,
113,h4014,,0.9351886210307031,114,h929,
113,h440,Failed,0.5535900360503628,114,h929,
113,h5241,,0.9469773277732225,114,h93,Passed
113,h1514,,0.6277078850952996,114,h930,
113,h1736,,0.9778675458092778,114,h930,
113,h2173,,0.5320619980170469,114,h930,
113,h3433,,0.5175698533413609,114,h930,
113,h4269,,0.5825984722437108,114,h930,
113,h3742,,0.7735055397612495,114,h931,
113,h1286,,0.9800545112398609,114,h932,
113,h5849,,0.6875941628609018,114,h932,
113,h223,Failed,0.6353717002703521,114,h934,
113,h2490,,0.6214939037643108,114,h934,
113,h2756,,0.9667565192886625,114,h934,
113,h2758,,0.6232707836507595,114,h934,
113,h278,Failed,0.6354044333600626,114,h934,
113,h2978,,0.5625679261259902,114,h934,
113,h337,Failed,0.5718351652075675,114,h934,
113,h3040,,0.5434863508639972,114,h935,
113,h3825,,0.6480237130009271,114,h935,
113,h5101,,0.9881201887672266,114,h935,
113,h5624,,0.8319812987623418,114,h935,
113,h974,,0.7833794509035796,114,h935,
113,h5546,,0.9921880449744723,114,h936,
113,h551,Passed,0.9975740464387851,114,h937,
113,h5590,,0.5474610800901495,114,h937,
113,h2734,,0.9969816036659332,114,h938,
113,h3717,,0.5683334133236947,114,h938,
113,h2880,,0.8847545443232896,114,h939,
113,h4373,,0.5408950221374857,114,h939,
113,h96,Failed,0.9448776283660884,114,h94,Passed
113,h4396,,0.5068547208339516,114,h940,
113,h940,,0.9743554778775507,114,h940,
113,h1134,,0.5419474684132933,114,h941,
113,h4841,,0.5139976670610426,114,h941,
113,h5131,,0.5563629477505303,114,h941,
113,h3184,,0.6576946110632119,114,h942,
113,h5126,,0.9854444882952861,114,h942,
113,h559,Passed,0.922328603338316,114,h942,
113,h5102,,0.7477891326982034,114,h943,
113,h5117,,0.7512074915184513,114,h944,
113,h5266,,0.8720357909701735,114,h944,
113,h1972,,0.9145877691263251,114,h945,
113,h3634,,0.8778076132218419,114,h946,
113,h3315,,0.6973745024304765,114,h947,
113,h968,,0.9126455728344326,114,h947,
113,h325,Failed,0.5764587479818106,114,h948,
113,h372,Agreed to,0.536881383921286,114,h948,
113,h3887,,0.5343828317994247,114,h948,
113,h4043,,0.523882436403254,114,h948,
113,h522,Passed,0.8933396647936449,114,h948,
113,h865,,0.9976504176340615,114,h949,
113,h5133,,0.9877354626339143,114,h95,Failed
113,h5755,,0.6180698760049865,114,h950,
113,h2403,,0.861303441838342,114,h951,
113,h2409,,0.94997800421133,114,h951,
113,h2829,,0.6662003876432873,114,h951,
113,h289,Failed,0.5978720334960922,114,h951,
113,h3531,,0.5551589903316415,114,h952,
113,h473,Passed,0.5201939080724094,114,h952,
113,h5373,,0.9655634567424677,114,h952,
113,h5339,,0.553560012142778,114,h953,
113,h5587,,0.5496752744346701,114,h953,
113,h5845,,0.9772954282912701,114,h953,
113,h5190,,0.5179932512984035,114,h955,
113,h3923,,0.5056159489337559,114,h956,
113,h4573,,0.5722361978138429,114,h956,
113,h2779,,0.9620981783270929,114,h957,
113,h3770,,0.9744595311352048,114,h957,
113,h4533,,0.5785528116712814,114,h957,
113,h5630,,0.5070596038408356,114,h957,
113,h2326,,0.9349817239791861,114,h959,
113,h5282,,0.5797180530715499,114,h959,
113,h4451,,0.9808673771867322,114,h96,Failed
113,h4429,,0.766637524040704,114,h961,
113,h15,Passed,0.5011584805258943,114,h962,
113,h2131,,0.571208427607212,114,h962,
113,h714,,0.9961953063837564,114,h962,
113,h2467,,0.880391345384528,114,h963,
113,h2970,,0.6167975528943339,114,h963,
113,h5060,,0.997879808294994,114,h963,
113,h2116,,0.5120782918958423,114,h964,
113,h3791,,0.5721161526781078,114,h964,
113,h4600,,0.5524385064231443,114,h964,
113,h5257,,0.5211517634737209,114,h964,
113,h5365,,0.9660475587428193,114,h964,
113,h5214,,0.6194251800940934,114,h965,
113,h2653,,0.9935350016016983,114,h966,
113,h5317,,0.8803910645608077,114,h968,
113,h543,Failed,0.7354028415055711,114,h969,
113,h100,Passed,0.997167240426069,114,h97,Failed
113,h101,Agreed to,0.545984110096382,114,h97,Failed
113,h4917,,0.5816233109968457,114,h97,Failed
113,h5133,,0.5037692666133539,114,h97,Failed
113,h2637,,0.8976287521445355,114,h970,
113,h5750,,0.9752770523437488,114,h971,
113,h4754,,0.9940745484544121,114,h972,
113,h1795,,0.763143592453155,114,h973,
113,h3492,,0.7336704769189347,114,h974,
113,h1552,,0.9879994441817254,114,h975,
113,h4777,,0.7374801763095521,114,h975,
113,h5227,,0.941096342121219,114,h977,
113,h1020,,0.9559535081599847,114,h978,
113,h5132,,0.8830494789337169,114,h98,Agreed to
113,h3464,,0.538292735798604,114,h980,
113,h5609,,0.9986130523345752,114,h980,
113,h1219,,0.6368979270391053,114,h981,
113,h3099,,0.7829870601193993,114,h981,
113,h3197,,0.5467477680996696,114,h981,
113,h4465,,0.6406137880413195,114,h981,
113,h4737,,0.6085363945633415,114,h981,
113,h4742,,0.7144260453582048,114,h981,
113,h799,,0.6449151027027817,114,h981,
113,h1028,,0.9066138604135738,114,h982,
113,h941,,0.9067821755493468,114,h982,
113,h2730,,0.6814226196762363,114,h983,
113,h5086,,0.9366014675452929,114,h984,
113,h1563,,0.9977126712690311,114,h985,
113,h2959,,0.7925028550096057,114,h986,
113,h578,Failed,0.7651888863122891,114,h986,
113,h2013,,0.8099321988662794,114,h987,
113,h3090,,0.7884459420286842,114,h988,
113,h5515,,0.9884644464004537,114,h988,
113,h861,,0.8812676710610072,114,h988,
113,h2572,,0.657345609159331,114,h989,
113,h688,,0.551032360849521,114,h989,
113,h719,,0.9378410940294212,114,h989,
113,h344,Failed,0.6258496092217021,114,h99,Failed
113,h743,,0.6120140080425784,114,h99,Failed
113,h911,,0.6441796547824666,114,h99,Failed
113,h99,Passed,0.9976708317897888,114,h99,Failed
113,h2288,,0.9577707876717044,114,h990,
113,h1889,,0.9967508873004237,114,h991,
113,h4688,,0.5148798063061706,114,h991,
113,h5351,,0.921517810393667,114,h992,
113,h3330,,0.8363162509303955,114,h993,
113,h1645,,0.9951456503484649,114,h994,
113,h2185,,0.8995033515006868,114,h995,
113,h1187,,0.9902982949792466,114,h996,
113,h145,Failed,0.5584394113086887,114,h996,
113,h1630,,0.5415249980821389,114,h996,
113,h2552,,0.6057172608721547,114,h996,
113,h2808,,0.5206617069113446,114,h996,
113,h4685,,0.5565272468189084,114,h996,
113,h2516,,0.511052611397946,114,h997,
113,h5473,,0.7111514149258887,114,h997,
113,h997,,0.9855993974635421,114,h997,
113,h3488,,0.9911236549810778,114,h998,
113,h3575,,0.6508442056003344,114,h998,
